1,1,8.5
2,2,7.5
3,3,5.4
4,4,6.6
5,5,9.5
6,6,5.8
7,7,5.8
8,8,5.8
8,9,5.8
9,10,6.8
9,11,6.8
10,12,8.2
10,13,6.2
11,14,9
12,15,6.2
12,16,6.2
12,17,6.2
12,18,6.2
13,19,5.8
13,20,5.8
13,21,5.8
14,22,7.5
15,23,8.2
15,24,6.2
15,25,8.2
15,26,7.2
16,27,6.6
16,28,8.6
16,29,6.6
16,30,6.6
17,31,7.8
18,32,6.6
19,33,5.8
20,34,7
21,35,7.8
22,36,5.4
23,37,7.8
23,38,6.3
23,39,7.8
23,40,7.8
23,41,6.8
24,42,8.3
25,43,8.3
26,44,8.3
27,45,8.3
28,46,6.6
29,47,8.3
30,48,7.7
30,49,8.2
30,50,6.2
31,51,7.6
32,52,8.6
33,53,7.8
33,54,7.8
33,55,7.8
33,56,7.8
33,57,7.8
34,58,9.1
35,59,6.6
35,60,6.6
35,61,6.6
35,62,6.6
35,63,8.1
36,64,6.3
36,65,5.8
37,66,5.8
38,67,5.8
38,68,5.8
39,69,8.6
40,70,6.2
40,71,7.2
40,72,8.2
41,73,8.2
41,74,6.2
41,75,6.2
42,76,8.6
42,77,6.6
42,78,6.6
42,79,8.1
43,80,5.8
44,81,6.6
45,82,8.6
45,83,6.6
46,84,9
47,85,7
48,86,7.3
49,87,5.8
50,88,7.9
51,89,7.3
52,90,5.8
52,91,5.8
53,92,8.6
54,93,7.1
54,94,6.6
54,95,8.6
55,96,7.6
56,97,5.8
56,98,5.8
56,99,5.8
57,100,6.6
57,101,8.6
57,102,8.6
57,103,8.6
57,104,8.6
58,105,7.1
59,106,5.8
59,107,7.8
60,108,7
61,109,7.6
62,110,7
62,111,7
63,112,6.6
64,113,8
65,114,6.3
65,115,7.8
65,116,5.8
66,117,7.6
66,118,7.6
66,119,6.6
67,120,5.8
68,121,8.3
69,122,7.3
69,123,6.8
69,124,7.8
70,125,7.8
71,126,8.3
72,127,5.8
73,128,8.3
74,129,5.8
74,130,5.8
74,131,7.8
75,132,7.8
76,133,7.5
76,134,9
77,135,7
77,136,7
78,137,7.8
78,138,5.8
79,139,7.8
79,140,6.8
79,141,7.8
79,142,6.8
79,143,5.8
80,144,6.6
80,145,6.6
81,146,8.6
81,147,7.6
81,148,8.6
81,149,7.6
82,150,5.8
83,151,9.1
84,152,8.3
85,153,7
86,154,6.8
87,155,6.7
87,156,7.2
87,157,6.2
88,158,8.5
88,159,7
89,160,8.3
90,161,8.3
91,162,7.7
91,163,8.2
92,164,8.2
92,165,8.2
93,166,6.8
93,167,6.3
94,168,9
94,169,7
95,170,8.7
96,171,5.4
97,172,5.8
97,173,5.8
98,174,7
99,175,6.3
100,176,5.8
101,177,9
101,178,9
102,179,8.3
103,180,6.6
103,181,6.6
104,182,7.1
104,183,7.1
105,184,5.8
106,185,5.8
107,186,7.1
108,187,6.8
108,188,6.8
108,189,5.8
108,190,5.8
109,191,5.8
110,192,5.8
111,193,8.3
112,194,8.3
113,195,8.2
113,196,8.2
114,197,7
115,198,5.8
115,199,5.8
116,200,7.8
116,201,7.8
117,202,6.2
117,203,7.7
118,204,8.3
119,205,8.5
120,206,8.6
121,207,6.6
122,208,7.8
123,209,7
124,210,6.6
125,211,5.8
125,212,5.8
126,213,6.8
126,214,7.3
126,215,5.8
127,216,7.8
127,217,5.8
127,218,7.8
128,219,7.8
129,220,7
130,221,8.7
131,222,6.3
131,223,7.8
131,224,5.8
132,225,7.8
133,226,8.7
134,227,6.6
134,228,7.6
134,229,8.6
135,230,7.8
135,231,6.3
136,232,7.6
137,233,7
137,234,7
138,235,7.8
139,236,8.6
140,237,8.3
141,238,7.6
142,239,6.2
142,240,6.2
142,241,6.2
142,242,8.2
143,243,7.8
143,244,7.3
143,245,5.8
144,246,7.3
144,247,5.8
144,248,5.8
144,249,5.8
145,250,7.8
145,251,5.8
145,252,7.8
146,253,6.3
146,254,6.8
147,255,6.6
148,256,5.8
149,257,7.3
149,258,5.8
150,259,8.3
151,260,6.3
152,261,6.3
153,262,9.1
154,263,9.1
155,264,7.8
155,265,5.8
156,266,9
157,267,8.3
158,268,6.7
158,269,6.2
158,270,8.2
159,271,5.8
160,272,8.3
161,273,6.2
161,274,8.2
161,275,6.2
162,276,5.8
162,277,5.8
162,278,5.8
162,279,5.8
162,280,5.8
163,281,5.8
163,282,6.8
164,283,7.8
165,284,7
166,285,7
166,286,7
167,287,8.1
168,288,6.3
168,289,5.8
168,290,5.8
168,291,5.8
168,292,5.8
169,293,5.8
170,294,7.8
170,295,7.8
171,296,7.8
172,297,8.5
173,298,9
173,299,7
173,300,7
174,301,9.1
175,302,6.6
176,303,8
177,304,6.2
178,305,9.1
179,306,9
179,307,8
180,308,9.5
181,309,6.8
182,310,8.2
182,311,8.2
183,312,7
184,313,7.8
185,314,6.8
186,315,6.8
186,316,5.8
187,317,6.2
188,318,8.6
188,319,8.6
188,320,8.6
189,321,6.8
190,322,6.3
191,323,6.2
191,324,6.2
192,325,6.3
192,326,6.3
192,327,7.8
193,328,8.6
193,329,6.6
194,330,5.8
195,331,8.5
195,332,9
196,333,7
196,334,7
196,335,7
197,336,7
198,337,8.3
199,338,5.8
200,339,8.6
201,340,8.1
202,341,5.8
203,342,7.3
204,343,6.8
204,344,5.8
204,345,6.3
204,346,6.8
205,347,7.5
205,348,7
205,349,7
206,350,7.8
207,351,7.6
208,352,8.3
209,353,5.8
210,354,7
211,355,7.2
211,356,8.2
211,357,7.7
212,358,9.1
213,359,8.3
214,360,8.3
215,361,6.6
216,362,6.8
216,363,7.8
217,364,7.8
217,365,5.8
217,366,7.8
218,367,7.8
219,368,5.8
220,369,8.7
221,370,8.6
221,371,8.1
221,372,6.6
222,373,6.3
223,374,8.6
224,375,8.3
225,376,7.3
226,377,5.9
226,378,7.4
226,379,6.4
226,380,5.4
226,381,5.4
226,382,5.4
226,383,5.4
226,384,5.4
227,385,8.6
227,386,6.6
228,387,6.6
229,388,6.6
230,389,8.6
231,390,6.8
232,391,7.8
233,392,8.3
234,393,9.5
235,394,8.3
236,395,8.1
236,396,8.6
236,397,8.1
236,398,6.6
237,399,8.6
238,400,7.6
238,401,8.6
238,402,8.1
238,403,6.6
238,404,7.6
239,405,7.3
240,406,7.6
240,407,6.6
241,408,5.8
242,409,6.6
243,410,8.3
244,411,8.3
245,412,5.8
246,413,9.1
247,414,8.3
248,415,7.6
249,416,7
249,417,7
249,418,7
249,419,7
250,420,6.3
250,421,5.8
251,422,8.7
252,423,9.1
253,424,8.3
254,425,5.8
254,426,5.8
255,427,7.8
255,428,6.8
255,429,5.8
256,430,8.6
257,431,6.3
258,432,7
258,433,7
259,434,7
260,435,9
260,436,7
261,437,8.7
262,438,5.8
262,439,5.8
262,440,7.3
262,441,7.8
263,442,6.6
264,443,7.7
264,444,7.7
264,445,7.7
264,446,8.2
265,447,7.8
266,448,8.2
267,449,9
267,450,9
268,451,8.3
269,452,6.8
269,453,7.3
270,454,8.2
271,455,7.8
271,456,5.8
271,457,5.8
272,458,7.3
272,459,6.8
272,460,5.8
273,461,8.6
274,462,8.7
275,463,7.2
275,464,8.2
275,465,8.2
275,466,6.2
275,467,6.2
275,468,6.2
276,469,6.6
277,470,9.5
278,471,5.8
278,472,5.8
279,473,7.3
280,474,5.8
281,475,8.1
281,476,6.6
282,477,8.6
282,478,6.6
282,479,6.6
283,480,8.6
284,481,7.8
285,482,8.6
285,483,6.6
286,484,9.5
287,485,6.2
287,486,6.2
287,487,6.2
288,488,7.8
288,489,6.3
289,490,7
290,491,6.6
291,492,7.8
27,493,7.9
292,494,8.5
292,495,9
292,496,8.5
293,497,7.3
294,498,7.2
294,499,8.2
295,500,8.7
296,501,8.3
297,502,9
298,503,6.3
298,504,5.8
298,505,6.8
298,506,7.8
298,507,6.3
298,508,7.8
299,509,7.6
300,510,7.8
301,511,6.6
301,512,6.6
302,513,5.8
303,514,8.3
304,515,8.1
304,516,8.6
305,517,5.8
306,518,7.7
306,519,7.2
306,520,7.7
306,521,8.2
306,522,6.2
306,523,6.2
306,524,6.2
307,525,5.8
308,526,5.8
309,527,8.6
309,528,7.1
309,529,8.6
310,530,9
310,531,7
311,532,8.1
311,533,8.6
311,534,7.1
311,535,6.6
312,536,7.8
313,537,5.8
314,538,7.4
314,539,6.4
314,540,5.4
314,541,6.9
315,542,7.8
315,543,7.8
315,544,5.8
316,545,6.3
317,546,6.8
318,547,6.3
306,548,7.7
306,549,7.7
306,550,8.2
306,551,8.2
306,552,6.7
306,553,7.2
306,554,6.2
319,555,8.1
319,556,6.6
319,557,6.6
320,558,8.7
321,559,8.3
322,560,6.3
322,561,7.8
322,562,7.8
323,563,5.9
323,564,5.4
324,565,6.6
325,566,7
326,567,6.8
327,568,7.8
327,569,5.8
328,570,7.8
328,571,6.3
329,572,9.5
330,573,6.7
330,574,8.2
330,575,6.2
331,576,7
332,577,7
333,578,5.8
334,579,7.8
335,580,9
336,581,8.2
336,582,6.2
336,583,6.2
337,584,6.6
338,585,7
339,586,8.2
340,587,9.5
341,588,7.8
341,589,7.8
341,590,7.8
298,591,6.3
342,592,8.6
342,593,8.6
343,594,6.6
343,595,8.6
343,596,8.6
343,597,6.6
344,598,7.8
345,599,6.7
345,600,6.2
345,601,6.2
346,602,7.1
347,603,7.6
348,604,8.6
348,605,6.6
349,606,9.5
350,607,8.3
351,608,6.7
351,609,6.2
352,610,8.3
353,611,6.8
354,612,7
355,613,8.3
356,614,7
357,615,9.1
358,616,7.6
358,617,6.6
359,618,5.8
360,619,7.1
361,620,6.6
361,621,6.6
361,622,7.6
362,623,8.3
363,624,7
364,625,5.8
365,626,7
366,627,5.8
367,628,9.1
368,629,8.1
369,630,9
369,631,8.5
370,632,6.2
371,633,6.2
372,634,9.5
373,635,8.6
374,636,7.6
374,637,7.6
374,638,6.6
375,639,7.8
375,640,7.8
375,641,7.8
376,642,6.6
377,643,8.3
378,644,9.1
379,645,8.6
379,646,7.1
380,647,6.6
380,648,7.1
381,649,6.2
382,650,8.6
382,651,8.1
383,652,9.5
384,653,6.6
385,654,9
385,655,7.5
385,656,9
386,657,7.9
387,658,8.6
388,659,7.6
388,660,8.6
388,661,7.6
389,662,8.2
389,663,7.7
389,664,8.2
390,665,8.7
391,666,8.2
391,667,6.2
391,668,6.2
391,669,6.2
392,670,8.1
393,671,7.3
394,672,8.6
395,673,7.7
396,674,8.3
397,675,7.8
398,676,7.6
398,677,8.6
398,678,7.6
399,679,7.8
400,680,9.5
401,681,5.8
401,682,5.8
401,683,5.8
402,684,7.8
403,685,8.3
404,686,7.8
404,687,6.3
405,688,8.6
405,689,7.1
406,690,7.8
406,691,7.8
407,692,7
407,693,8.5
407,694,9
407,695,8
407,696,8.5
407,697,7
408,698,7.8
409,699,7.1
409,700,7.6
410,701,5.8
411,702,5.8
412,703,8.1
412,704,8.1
413,705,6.6
414,706,5.8
414,707,5.8
414,708,5.8
415,709,7.8
415,710,7.8
415,711,7.8
415,712,5.8
416,713,6.3
416,714,5.8
417,715,8.6
417,716,8.6
417,717,7.1
417,718,8.6
417,719,8.6
417,720,7.6
417,721,7.1
418,722,5.8
418,723,5.8
419,724,8.3
420,725,7.8
420,726,5.8
421,727,8.3
422,728,7
423,729,8.3
424,730,8.1
425,731,6.6
426,732,9.1
427,733,7.2
427,734,6.2
427,735,6.2
427,736,6.2
427,737,6.2
428,738,6.7
429,739,7.6
430,740,7.8
430,741,6.3
430,742,5.8
430,743,5.8
431,744,6.8
431,745,7.3
431,746,7.8
431,747,7.8
431,748,5.8
431,749,5.8
432,750,5.8
433,751,8.3
434,752,7.8
434,753,6.3
434,754,7.3
435,755,9.1
436,756,9.1
437,757,6.6
438,758,6.8
439,759,5.8
439,760,7.8
439,761,7.8
440,762,6.3
441,763,5.8
441,764,5.8
441,765,7.8
441,766,5.8
442,767,7.8
443,768,9.1
444,769,6.6
444,770,6.6
445,771,7.4
446,772,5.8
447,773,7.8
448,774,7.8
448,775,5.8
449,776,9.1
450,777,8.3
451,778,8.3
452,779,8.6
452,780,7.6
453,781,5.8
454,782,8.2
454,783,6.2
455,784,8.7
456,785,8.6
456,786,7.6
456,787,8.1
456,788,6.6
456,789,7.1
457,790,8
458,791,7.8
459,792,7.5
459,793,7
460,794,8.3
461,795,9.5
462,796,7.8
463,797,7.3
463,798,7.8
464,799,8.3
167,800,7.8
465,801,5.8
466,802,5.4
467,803,7
468,804,8.6
468,805,7.6
468,806,8.1
468,807,7.1
469,808,6.8
469,809,5.8
470,810,6.6
470,811,6.6
470,812,6.6
471,813,9
471,814,8.5
471,815,9
471,816,7
472,817,9
473,818,7.1
473,819,8.6
474,820,8.3
475,821,8.7
106,822,6.2
469,823,6.8
469,824,5.8
468,825,8.6
468,826,7.6
468,827,8.1
468,828,7.1
476,829,6.6
476,830,8.1
477,831,5.8
478,832,7.7
479,833,5.8
479,834,7.8
479,835,7.8
480,836,5.8
480,837,5.8
480,838,5.8
481,839,7.8
481,840,7.8
482,841,6.3
482,842,5.8
483,843,7
484,844,9
484,845,8
484,846,7
484,847,7
485,848,6.8
486,849,5.8
486,850,6.3
486,851,7.8
486,852,7.8
486,853,5.8
486,854,5.8
487,855,7
488,856,8.3
489,857,7.5
490,858,9
490,859,9
491,860,7.5
492,861,6.6
492,862,8.6
493,863,6.3
494,864,7.1
495,865,6.6
496,866,8.3
497,867,6.8
498,868,8.3
499,869,5.8
500,870,8.3
501,871,9.5
502,872,7.8
503,873,5.8
504,874,6.7
505,875,5.8
312,876,7.1
312,877,8.6
312,878,8.6
312,879,6.6
312,880,6.6
506,881,7.3
506,882,7.8
506,883,5.8
507,884,7.5
508,885,8.3
269,886,8.1
269,887,6.6
509,888,7.3
510,889,7.8
511,890,5.8
511,891,6.8
511,892,5.8
512,893,6.8
513,894,7.1
514,895,7.6
514,896,8.1
515,897,7.6
516,898,7.3
517,899,6.6
517,900,8.6
518,901,6.8
519,902,5.8
520,903,9.1
521,904,9.1
522,905,8.3
523,906,6.6
524,907,8.6
525,908,5.8
526,909,9.5
527,910,8.1
527,911,8.6
528,912,9
528,913,9
529,914,7.6
529,915,8.6
530,916,8.2
530,917,8.2
531,918,9.5
532,919,7.8
532,920,7.3
532,921,5.8
532,922,5.8
533,923,7.5
533,924,9
533,925,7.5
534,926,8
534,927,7
535,928,9.1
536,929,9.5
537,930,9.1
538,931,7.3
538,932,5.8
539,933,7.8
539,934,7.8
539,935,7.8
540,936,6.3
541,937,7.6
541,938,6.6
542,939,8.2
542,940,6.2
543,941,7.3
543,942,7.3
543,943,5.8
543,944,7.8
543,945,7.8
543,946,7.8
543,947,5.8
544,948,7.3
545,949,5.8
545,950,5.8
545,951,5.8
545,952,6.3
545,953,5.8
545,954,6.8
545,955,5.8
546,956,8.1
547,957,8.3
548,958,8.3
549,959,7.1
550,960,6.8
550,961,5.8
550,962,5.8
551,963,6.6
551,964,8.6
552,965,9.5
553,966,8.3
554,967,8.6
555,968,7.6
556,969,8.7
557,970,8.3
558,971,6.8
558,972,5.8
559,973,8.3
560,974,8.6
560,975,8.6
561,976,8.6
561,977,7.6
561,978,8.6
561,979,8.1
561,980,6.6
561,981,6.6
561,982,6.6
561,983,6.6
562,984,6.3
562,985,5.8
562,986,5.8
563,987,8.7
564,988,8
565,989,9
298,990,5.8
566,991,6.6
567,992,8.3
568,993,9.1
569,994,6.6
569,995,7.6
570,996,7.8
571,997,7.3
572,998,8.1
572,999,6.6
573,1000,7.5
574,1001,7.1
575,1002,9.5
576,1003,9.5
577,1004,9.5
578,1005,7.6
579,1006,7.8
579,1007,7.3
580,1008,8.3
581,1009,8.6
581,1010,6.6
581,1011,6.6
582,1012,8
582,1013,7
582,1014,9
582,1015,9
583,1016,7
584,1017,9
584,1018,8.5
584,1019,7
585,1020,5.8
586,1021,9
586,1022,7
587,1023,5.8
588,1024,8.3
589,1025,6.6
590,1026,7.1
590,1027,8.1
590,1028,6.6
591,1029,8.3
592,1030,7
593,1031,7.8
593,1032,7.8
594,1033,9.1
595,1034,7.5
596,1035,8.3
597,1036,7.1
597,1037,6.6
597,1038,6.6
597,1039,6.6
598,1040,6.6
599,1041,5.8
599,1042,5.8
599,1043,5.8
600,1044,8.6
600,1045,7.6
601,1046,7.8
602,1047,8.3
603,1048,7.8
603,1049,5.8
603,1050,7.8
603,1051,7.3
603,1052,7.3
603,1053,7.8
604,1054,7.1
604,1055,8.6
605,1056,9
605,1057,8.5
606,1058,9.1
181,1059,7.6
607,1060,7.3
608,1061,7.5
608,1062,9
608,1063,7
608,1064,7
608,1065,7
609,1066,8.1
610,1067,5.8
611,1068,7.8
612,1069,5.8
613,1070,8.5
613,1071,8
614,1072,8.3
615,1073,8.6
615,1074,7.6
615,1075,8.6
616,1076,8.3
617,1077,7.5
617,1078,7
618,1079,8.5
618,1080,7
619,1081,8.1
620,1082,5.8
621,1083,6.2
621,1084,6.2
622,1085,8.6
622,1086,7.1
623,1087,8
623,1088,9
624,1089,6.7
624,1090,6.2
624,1091,6.2
624,1092,6.2
624,1093,6.2
624,1094,6.2
625,1095,9
626,1096,7.8
626,1097,7.8
626,1098,5.8
626,1099,7.8
627,1100,7.1
627,1101,6.6
628,1102,7.3
629,1103,8.2
629,1104,6.2
629,1105,8.2
630,1106,5.8
631,1107,5.8
632,1108,7.6
632,1109,7.1
633,1110,6.8
634,1111,7.1
635,1112,6.6
636,1113,8.6
636,1114,7.6
637,1115,8.6
638,1116,8.6
638,1117,6.6
639,1118,5.8
640,1119,5.8
640,1120,5.8
641,1121,8.2
641,1122,6.7
641,1123,6.2
641,1124,6.2
641,1125,6.2
641,1126,8.2
641,1127,6.2
641,1128,6.2
642,1129,8.6
642,1130,6.6
643,1131,7.8
644,1132,5.8
645,1133,7.8
645,1134,5.8
646,1135,8.3
647,1136,9.5
648,1137,6.6
649,1138,8.6
649,1139,8.6
650,1140,8.6
651,1141,7
651,1142,7
652,1143,6.6
653,1144,5.8
654,1145,8.5
654,1146,8
654,1147,9
654,1148,7
654,1149,7
654,1150,7
655,1151,7.8
656,1152,7.8
657,1153,5.8
658,1154,6.2
658,1155,6.2
659,1156,6.8
659,1157,7.8
659,1158,6.3
659,1159,5.8
660,1160,6.6
660,1161,7.1
661,1162,7.8
661,1163,6.8
662,1164,8.3
663,1165,9
663,1166,7
663,1167,7
663,1168,7
664,1169,6.6
665,1170,7.8
665,1171,6.8
665,1172,7.3
665,1173,7.3
666,1174,5.8
666,1175,5.8
667,1176,8.3
668,1177,6.7
669,1178,6.7
670,1179,6.6
671,1180,6.6
672,1181,7.3
673,1182,6.6
674,1183,6.2
674,1184,6.2
675,1185,8.3
676,1186,7.1
676,1187,7.1
676,1188,8.6
677,1189,6.3
678,1190,6.3
679,1191,9
679,1192,7
680,1193,7.3
680,1194,6.8
681,1195,6.6
682,1196,7.5
683,1197,5.8
684,1198,8.6
685,1199,6.6
686,1200,7.7
687,1201,7.3
687,1202,7.8
687,1203,7.8
688,1204,8.3
689,1205,8.3
690,1206,8.5
691,1207,7.3
692,1208,5.8
693,1209,6.3
693,1210,6.3
693,1211,5.8
694,1212,9.1
695,1213,9
695,1214,9
695,1215,7
696,1216,7.8
697,1217,7.3
172,1218,7.3
698,1219,8.5
699,1220,7.5
700,1221,9
701,1222,8.3
702,1223,6.7
703,1224,8.5
703,1225,9
703,1226,8
704,1227,6.3
704,1228,5.8
705,1229,9.5
706,1230,9
706,1231,7
707,1232,7.3
708,1233,7.3
709,1234,9
710,1235,7
711,1236,7.3
711,1237,6.8
712,1238,6.6
712,1239,7.6
712,1240,6.6
713,1241,8.6
714,1242,8.6
715,1243,8.6
715,1244,6.6
716,1245,8.3
717,1246,7.1
717,1247,6.6
717,1248,6.6
717,1249,6.6
718,1250,8.2
718,1251,8.2
719,1252,8.6
719,1253,8.6
720,1254,9
720,1255,8
720,1256,9
721,1257,8.6
721,1258,6.6
722,1259,7.8
722,1260,6.8
723,1261,6.7
723,1262,7.2
724,1263,9.1
725,1264,5.8
726,1265,6.3
727,1266,8.3
728,1267,7.8
729,1268,8.2
730,1269,5.8
730,1270,7.8
731,1271,7.1
732,1272,7.1
733,1273,7.6
733,1274,6.6
734,1275,9
735,1276,8.3
736,1277,7.6
737,1278,8.6
738,1279,6.8
738,1280,7.8
738,1281,7.8
738,1282,6.3
738,1283,5.8
738,1284,5.8
739,1285,5.8
740,1286,8.6
740,1287,6.6
741,1288,5.8
742,1289,8.1
742,1290,7.6
743,1291,9.1
744,1292,8.7
745,1293,8.3
746,1294,7.6
747,1295,8.6
747,1296,8.6
747,1297,8.6
747,1298,6.6
748,1299,7.3
748,1300,5.8
748,1301,7.8
748,1302,7.8
749,1303,6.6
750,1304,6.2
751,1305,9.5
752,1306,6.8
753,1307,7
754,1308,9
754,1309,9
755,1310,8.3
756,1311,5.8
757,1312,5.8
757,1313,7.3
758,1314,8.6
759,1315,9
759,1316,9
760,1317,8.1
760,1318,6.6
760,1319,6.6
760,1320,6.6
761,1321,9
762,1322,7.8
762,1323,7.8
762,1324,5.8
762,1325,7.8
763,1326,7.7
763,1327,7.7
763,1328,6.2
764,1329,7
765,1330,6.6
766,1331,7.6
766,1332,6.6
767,1333,6.6
768,1334,5.8
769,1335,6.8
769,1336,7.8
770,1337,7.3
771,1338,5.8
772,1339,6.8
772,1340,7.8
772,1341,6.8
772,1342,5.8
773,1343,5.8
774,1344,5.8
775,1345,8.1
775,1346,8.6
775,1347,7.6
775,1348,6.6
775,1349,6.6
776,1350,7.8
777,1351,7.1
778,1352,6.3
779,1353,7.1
779,1354,6.6
779,1355,6.6
779,1356,7.6
779,1357,6.6
780,1358,8.6
781,1359,8.1
782,1360,7.8
783,1361,8.3
784,1362,7.8
784,1363,7.3
785,1364,7
786,1365,6.2
786,1366,8.2
786,1367,6.2
787,1368,8.6
788,1369,5.8
788,1370,5.8
789,1371,8.3
790,1372,7.3
791,1373,8.3
260,1374,6.8
792,1375,7.3
793,1376,8.2
793,1377,8.2
794,1378,7
795,1379,9.1
796,1380,5.8
797,1381,8.6
797,1382,6.6
798,1383,6.6
799,1384,7.3
800,1385,5.8
800,1386,6.8
801,1387,8.3
802,1388,5.8
802,1389,5.8
803,1390,5.8
804,1391,8.5
804,1392,9
805,1393,6.6
805,1394,8.6
805,1395,7.6
806,1396,8.6
806,1397,8.6
807,1398,6.3
807,1399,7.8
807,1400,5.8
808,1401,6.7
809,1402,7.8
809,1403,7.8
810,1404,7
811,1405,6.8
811,1406,7.8
812,1407,6.3
812,1408,7.8
812,1409,7.8
813,1410,8.2
813,1411,6.2
814,1412,6.7
814,1413,6.2
815,1414,5.8
816,1415,5.8
817,1416,6.8
818,1417,6.3
818,1418,6.3
819,1419,8.6
819,1420,7.6
820,1421,6.7
820,1422,6.7
820,1423,6.2
820,1424,6.7
820,1425,6.7
820,1426,6.2
821,1427,7.8
821,1428,7.8
822,1429,5.8
823,1430,6.6
823,1431,7.6
823,1432,6.6
823,1433,6.6
823,1434,6.6
824,1435,6.2
824,1436,8.2
824,1437,6.7
824,1438,7.2
824,1439,8.2
824,1440,6.2
825,1441,7
826,1442,8.5
827,1443,8.3
828,1444,7.5
828,1445,9
829,1446,8
829,1447,7
830,1448,5.8
830,1449,5.8
831,1450,6.8
831,1451,6.3
832,1452,8.7
833,1453,7
834,1454,7.8
834,1455,7.8
835,1456,7.7
835,1457,6.2
835,1458,6.2
835,1459,6.2
835,1460,6.2
836,1461,6.3
836,1462,6.3
836,1463,5.8
836,1464,7.8
836,1465,7.3
836,1466,6.8
837,1467,6.4
837,1468,5.9
837,1469,5.4
837,1470,5.4
838,1471,6.3
838,1472,7.8
838,1473,7.8
839,1474,7.1
840,1475,9
840,1476,8
841,1477,7
842,1478,9
843,1479,7.3
844,1480,7
845,1481,5.8
846,1482,7.6
846,1483,8.6
847,1484,6.6
848,1485,7.8
849,1486,7
849,1487,7
850,1488,8.1
850,1489,6.6
851,1490,8.3
852,1491,6.7
853,1492,6.8
853,1493,5.8
854,1494,7.8
855,1495,8.3
856,1496,7.8
856,1497,7.8
857,1498,8.2
857,1499,8.2
858,1500,9
858,1501,8.5
859,1502,7
859,1503,8.5
859,1504,9
859,1505,7
860,1506,8.3
861,1507,7
862,1508,7.8
863,1509,8.3
864,1510,5.8
865,1511,6.6
865,1512,6.6
865,1513,6.6
866,1514,6.6
867,1515,8.3
868,1516,8.1
869,1517,8.3
870,1518,7.8
870,1519,6.8
870,1520,5.8
871,1521,5.8
872,1522,8.5
873,1523,8.6
873,1524,7.6
873,1525,8.6
873,1526,6.6
873,1527,6.6
874,1528,8.3
875,1529,7.8
875,1530,6.8
876,1531,5.8
876,1532,7.3
876,1533,7.8
876,1534,7.8
876,1535,7.8
876,1536,7.8
876,1537,6.8
877,1538,7.2
877,1539,8.2
877,1540,8.2
877,1541,8.2
878,1542,5.8
879,1543,6.8
880,1544,6.3
880,1545,6.3
880,1546,7.3
881,1547,9.5
882,1548,7.8
882,1549,5.8
882,1550,5.8
883,1551,7.6
883,1552,6.6
884,1553,6.6
885,1554,7.1
886,1555,9.5
887,1556,7.8
887,1557,5.8
887,1558,5.8
887,1559,5.8
888,1560,8.6
888,1561,7.6
888,1562,7.1
889,1563,7.1
890,1564,5.8
891,1565,7.7
892,1566,6.2
892,1567,8.2
893,1568,7.8
893,1569,7.8
893,1570,7.8
893,1571,7.8
894,1572,9
894,1573,8
895,1574,7.8
895,1575,7.8
895,1576,5.8
896,1577,8.1
897,1578,8.1
897,1579,7.6
897,1580,7.6
898,1581,7.3
898,1582,5.8
899,1583,6.3
900,1584,5.8
900,1585,5.8
901,1586,7.3
902,1587,8.2
903,1588,8.1
904,1589,7.8
904,1590,6.3
905,1591,5.8
906,1592,7.1
907,1593,8.3
908,1594,6.8
908,1595,7.8
909,1596,7.8
909,1597,7.8
909,1598,6.3
909,1599,5.8
910,1600,7.6
911,1601,6.6
911,1602,6.6
912,1603,7.1
913,1604,8.6
914,1605,8
914,1606,9
915,1607,9
916,1608,7.2
916,1609,8.2
917,1610,9
917,1611,8.5
917,1612,7
918,1613,7.3
919,1614,8.5
919,1615,8.5
920,1616,8
920,1617,7
920,1618,7
921,1619,8.6
921,1620,6.6
922,1621,5.8
923,1622,8.3
924,1623,7.6
925,1624,8.6
925,1625,8.6
925,1626,8.6
925,1627,8.6
926,1628,5.8
927,1629,7.1
927,1630,6.6
927,1631,6.6
928,1632,5.8
928,1633,5.8
929,1634,5.8
930,1635,7.8
931,1636,8.3
932,1637,8.6
933,1638,8.6
934,1639,8.3
935,1640,8.3
936,1641,6.3
937,1642,6.6
937,1643,8.6
937,1644,7.6
938,1645,8.7
939,1646,8.5
940,1647,8.6
940,1648,7.1
941,1649,7.8
941,1650,5.8
941,1651,6.8
941,1652,7.8
942,1653,7.7
943,1654,8.7
944,1655,7.7
944,1656,6.7
945,1657,7.1
945,1658,6.6
946,1659,8
946,1660,7.5
946,1661,8.5
947,1662,5.8
948,1663,7.8
949,1664,6.8
950,1665,6.3
951,1666,7.3
952,1667,5.8
192,1668,8.1
953,1669,8.2
954,1670,6.2
954,1671,8.2
954,1672,8.2
954,1673,8.2
955,1674,8.3
956,1675,7.2
956,1676,6.7
956,1677,7.7
956,1678,6.2
957,1679,6.8
958,1680,8.2
958,1681,7.2
958,1682,6.2
958,1683,6.2
959,1684,7.2
959,1685,7.7
960,1686,5.8
961,1687,6.3
962,1688,6.7
962,1689,8.2
962,1690,8.2
963,1691,8.6
964,1692,7.8
868,1693,8.5
965,1694,6.8
965,1695,7.8
965,1696,7.3
966,1697,7.1
966,1698,6.6
967,1699,6.6
968,1700,8.5
969,1701,8.3
970,1702,7.8
971,1703,8.6
972,1704,7.3
973,1705,8.3
974,1706,8.3
975,1707,9
976,1708,8.2
976,1709,6.2
976,1710,7.2
976,1711,7.7
977,1712,6.8
978,1713,7
979,1714,7.3
980,1715,8.3
981,1716,9.5
982,1717,7.8
983,1718,9
983,1719,9
984,1720,7
985,1721,7.8
985,1722,7.3
986,1723,5.8
987,1724,6.2
988,1725,8.3
989,1726,9.1
990,1727,5.8
991,1728,8.1
992,1729,7
992,1730,7
992,1731,7
993,1732,7.6
993,1733,8.6
994,1734,7
995,1735,7.6
995,1736,8.1
996,1737,6.3
996,1738,5.8
996,1739,5.8
997,1740,5.8
998,1741,9
999,1742,6.6
1000,1743,8.5
1001,1744,6.3
1002,1745,7.1
1003,1746,6.3
1004,1747,7.3
1005,1748,7.6
1005,1749,7.6
1006,1750,6.8
1007,1751,8.6
1008,1752,7.8
1009,1753,9.5
1010,1754,8.2
1011,1755,9
1012,1756,5.8
1013,1757,8.7
1014,1758,8.7
1015,1759,8.6
1016,1760,7.8
1016,1761,6.3
1016,1762,7.8
1017,1763,9
1018,1764,9
1019,1765,5.8
1020,1766,8.6
1020,1767,6.6
1020,1768,6.6
1021,1769,8.3
1022,1770,6.6
1023,1771,9
1023,1772,8
1023,1773,8.5
1024,1774,7.3
1025,1775,7.2
1026,1776,6.6
1027,1777,8.1
1028,1778,7.8
1029,1779,8.3
1030,1780,6.6
1031,1781,9.1
1032,1782,7.8
1033,1783,8.3
1034,1784,5.8
1035,1785,5.8
1036,1786,7.8
1036,1787,7.8
1036,1788,6.8
1037,1789,7.8
1037,1790,7.3
1038,1791,6.7
1038,1792,7.7
1038,1793,7.7
1039,1794,6.6
1039,1795,6.6
1039,1796,6.6
1040,1797,9.1
1041,1798,8.6
1042,1799,8.1
1042,1800,6.6
1043,1801,6.6
1044,1802,6.6
1045,1803,7.8
1046,1804,6.7
1047,1805,7.1
1048,1806,5.8
1049,1807,7.3
1049,1808,5.8
1049,1809,5.8
1049,1810,6.8
1050,1811,6.6
1051,1812,8.2
1051,1813,8.2
1052,1814,7.1
1052,1815,6.6
1052,1816,8.6
1053,1817,9.1
1054,1818,7.9
1055,1819,7.8
1055,1820,7.8
1055,1821,7.8
1056,1822,6.2
1056,1823,7.7
1057,1824,7.6
1057,1825,7.1
1057,1826,7.6
1057,1827,6.6
1058,1828,5.8
1059,1829,7.8
1060,1830,8.3
1061,1831,7.6
1061,1832,7.1
1061,1833,6.6
1061,1834,7.6
1062,1835,7.1
1063,1836,8.5
1064,1837,6.7
1065,1838,8.6
1065,1839,6.6
1066,1840,5.8
1067,1841,8.6
1068,1842,9.1
1069,1843,8.6
1070,1844,5.8
1070,1845,7.8
1071,1846,8.6
1072,1847,7.1
1072,1848,7.1
1073,1849,7.5
1074,1850,7.8
349,1851,8.3
1075,1852,7.8
1075,1853,7.3
1076,1854,8.3
1077,1855,9
1078,1856,7.8
1079,1857,6.3
1080,1858,5.8
1081,1859,5.8
1081,1860,7.8
1081,1861,7.3
1081,1862,6.8
1082,1863,7.2
1082,1864,6.2
1083,1865,8.3
1084,1866,8.6
1084,1867,8.6
1084,1868,8.1
1084,1869,8.6
1084,1870,7.6
1084,1871,6.6
1085,1872,5.8
1086,1873,6.6
1087,1874,9
1087,1875,7.5
1087,1876,8
1088,1877,7.3
163,1878,6.2
163,1879,8.2
163,1880,8.2
1089,1881,8.6
1089,1882,8.6
1090,1883,6.8
1090,1884,7.8
1090,1885,5.8
1091,1886,7.6
1092,1887,8.2
1092,1888,6.2
1093,1889,8.2
1094,1890,8.6
1095,1891,7.6
1095,1892,8.6
1096,1893,5.8
1097,1894,5.8
1098,1895,7.8
1099,1896,5.8
1100,1897,6.8
1101,1898,7.1
1102,1899,7.8
1102,1900,6.8
1103,1901,7.8
1104,1902,7.8
1105,1903,6.8
1105,1904,5.8
1106,1905,6.8
1107,1906,8.3
1108,1907,8.6
1108,1908,7.6
1108,1909,8.6
1108,1910,7.6
1108,1911,6.6
1109,1912,6.6
1110,1913,6.3
1111,1914,9
1111,1915,9
1112,1916,5.8
1113,1917,9.1
1114,1918,6.6
1115,1919,7.1
1116,1920,7.3
1117,1921,7.8
27,1922,7.8
1118,1923,7.1
1119,1924,8.1
1120,1925,6.8
1120,1926,7.3
1121,1927,7.1
1122,1928,7.3
1123,1929,7
1124,1930,6.3
1125,1931,8.6
1126,1932,6.6
1127,1933,6.2
1128,1934,7.8
1128,1935,7.8
1128,1936,5.8
1129,1937,7.6
1129,1938,8.6
284,1939,8.2
284,1940,8.2
1130,1941,6.7
1130,1942,8.2
1131,1943,6.3
1132,1944,8.6
1133,1945,5.8
1133,1946,5.8
1133,1947,7.8
1133,1948,5.8
1134,1949,6.2
1135,1950,8.2
1135,1951,8.2
193,1952,7
193,1953,7
193,1954,7
193,1955,7
1136,1956,8.2
1136,1957,8.2
1137,1958,7.1
1138,1959,8.3
1139,1960,7.8
1140,1961,6.8
1140,1962,7.8
1140,1963,5.8
1140,1964,5.8
1141,1965,9.5
1142,1966,6.3
1142,1967,7.8
1143,1968,9.1
1144,1969,7
1145,1970,6.8
1146,1971,7.8
1147,1972,6.8
48,1973,7.1
21,1974,8.2
1148,1975,6.7
1149,1976,7.8
1149,1977,6.3
1149,1978,7.8
1150,1979,8.3
1151,1980,8.2
1151,1981,8.2
1151,1982,6.2
1152,1983,7.8
1153,1984,8.3
1154,1985,8.7
1155,1986,8.3
1156,1987,9
1156,1988,8.5
1157,1989,6.2
1157,1990,6.2
1157,1991,6.7
182,1992,7.8
1158,1993,6.6
1159,1994,6.6
1160,1995,8.5
1161,1996,9.5
1162,1997,8.3
1163,1998,8.1
1163,1999,6.6
1164,2000,7.8
1165,2001,7.3
1166,2002,6.8
571,2003,6.3
571,2004,7.3
571,2005,7.8
571,2006,6.3
1167,2007,8.2
1167,2008,8.2
1167,2009,8.2
1167,2010,6.2
1168,2011,6.7
1168,2012,8.2
1169,2013,8.3
1170,2014,6.8
1171,2015,7.8
1171,2016,5.8
1171,2017,6.3
1171,2018,5.8
1172,2019,5.8
1173,2020,7.8
1173,2021,5.8
1174,2022,5.8
1175,2023,6.3
52,2024,7.8
1176,2025,6.6
1176,2026,7.1
1176,2027,6.6
1176,2028,6.6
1177,2029,6.3
1177,2030,5.8
1178,2031,7.2
1178,2032,8.2
1179,2033,6.6
1179,2034,6.6
1180,2035,8.1
1180,2036,8.6
1181,2037,6.2
34,2038,7.5
1182,2039,8.6
1182,2040,6.6
1182,2041,6.6
1182,2042,7.1
1183,2043,6.2
1183,2044,8.2
1183,2045,8.2
1184,2046,8.3
1185,2047,5.8
1186,2048,9
1187,2049,5.8
1187,2050,5.8
1188,2051,6.8
1188,2052,7.8
1188,2053,6.8
1189,2054,9
1189,2055,9
1190,2056,7.6
1191,2057,7.6
1192,2058,7.6
1193,2059,7.8
1193,2060,7.8
1193,2061,7.8
1193,2062,7.8
1193,2063,6.8
1194,2064,7.6
1195,2065,7.1
1195,2066,7.6
1196,2067,8
1197,2068,8
1198,2069,8.2
1198,2070,6.2
1199,2071,6.6
1200,2072,6.3
1201,2073,5.8
1201,2074,6.3
1202,2075,5.8
1203,2076,8.5
1203,2077,9
1203,2078,9
1204,2079,8.2
1204,2080,8.2
1204,2081,8.2
1204,2082,6.2
1205,2083,7.3
1206,2084,8.6
1207,2085,9.1
1208,2086,8.6
1209,2087,7.3
1209,2088,5.8
1210,2089,8.3
1211,2090,7.8
1212,2091,7.8
1213,2092,6.3
1213,2093,5.8
1214,2094,6.6
1215,2095,8
1216,2096,7.6
1216,2097,8.6
1216,2098,6.6
1217,2099,6.6
1218,2100,8.6
1218,2101,8.6
1218,2102,6.6
1219,2103,7.3
1220,2104,7.3
154,2105,8.3
1221,2106,8.5
1222,2107,8.3
1223,2108,8.3
1224,2109,6.3
1225,2110,8.6
1225,2111,8.6
1226,2112,7.8
1226,2113,7.8
1226,2114,6.8
278,2115,5.8
278,2116,5.8
278,2117,5.8
278,2118,5.8
278,2119,5.8
278,2120,5.8
278,2121,5.8
1227,2122,7.8
1227,2123,5.8
1228,2124,7.1
1228,2125,8.1
1228,2126,6.6
1228,2127,7.6
1229,2128,7.6
1229,2129,7.6
1229,2130,7.1
1229,2131,6.6
1230,2132,6.8
1230,2133,7.3
1230,2134,5.8
1231,2135,5.8
1232,2136,6.2
1233,2137,6.6
1234,2138,8.3
1235,2139,9.1
1236,2140,8.3
1237,2141,8.3
117,2142,6.3
1238,2143,7.5
1238,2144,8
1238,2145,9
1238,2146,7
1238,2147,8
1239,2148,8.6
1239,2149,8.6
1240,2150,8.6
1241,2151,7.3
1242,2152,7.6
1243,2153,6.2
1244,2154,7.8
1245,2155,7.1
1246,2156,7.3
1247,2157,8
1247,2158,8.5
1248,2159,5.8
1249,2160,8.3
1250,2161,9.5
1251,2162,8.6
1251,2163,8.6
1252,2164,6.3
1253,2165,5.8
1254,2166,8.1
1255,2167,6.8
1256,2168,7.8
1257,2169,8.6
1258,2170,8.6
1258,2171,8.1
1259,2172,9
1260,2173,8.6
1261,2174,9
1262,2175,6.8
1262,2176,5.8
1262,2177,5.8
1263,2178,8.6
1263,2179,7.1
1264,2180,8.3
1265,2181,5.8
1266,2182,7.7
1267,2183,7.8
1268,2184,8.1
1269,2185,6.8
1270,2186,6.8
1271,2187,7.1
1272,2188,7.8
1273,2189,9.1
1274,2190,5.8
1274,2191,5.8
1274,2192,5.8
1275,2193,7.3
1275,2194,5.8
1276,2195,5.8
1277,2196,8.6
1277,2197,6.6
1278,2198,8.5
1279,2199,7.3
1280,2200,7.8
1281,2201,8.1
1281,2202,8.6
1281,2203,6.6
1282,2204,7
1283,2205,5.8
1284,2206,8.3
1285,2207,5.8
1286,2208,5.8
1287,2209,8.5
1287,2210,7.5
1287,2211,7
1288,2212,5.8
1289,2213,8.3
1290,2214,5.8
1291,2215,7.3
1292,2216,6.3
1293,2217,6.3
1294,2218,7.8
1295,2219,7.6
1295,2220,6.6
1296,2221,7.8
1296,2222,5.8
38,2223,6.8
38,2224,5.8
38,2225,7.8
38,2226,7.8
38,2227,7.8
1297,2228,7
1297,2229,7
1298,2230,6.6
1298,2231,6.6
1299,2232,6.7
1299,2233,8.2
1299,2234,6.2
1300,2235,8.3
1301,2236,8.3
1302,2237,8.1
1303,2238,8
1303,2239,9
1303,2240,7
1304,2241,5.8
1305,2242,7.8
1305,2243,7.3
1306,2244,5.8
1307,2245,8.6
1308,2246,7.3
1309,2247,9
1310,2248,7.8
1311,2249,8.3
1312,2250,7
1313,2251,7.6
1313,2252,8.6
1313,2253,6.6
1314,2254,6.2
1314,2255,6.2
1315,2256,6.3
1316,2257,7.5
1316,2258,8
1316,2259,7
1316,2260,7
1317,2261,7
1318,2262,8.6
1318,2263,8.6
1318,2264,8.6
1318,2265,8.6
1319,2266,6.6
1320,2267,5.8
1321,2268,8.3
1322,2269,7.8
1322,2270,5.8
1323,2271,6.6
1323,2272,6.6
1219,2273,6.3
1220,2274,7.1
1324,2275,7.6
1324,2276,6.6
1325,2277,9.1
1326,2278,8.6
1326,2279,8.1
1327,2280,7.8
1328,2281,7.6
1328,2282,8.6
1328,2283,7.6
1329,2284,7.8
1329,2285,6.8
1329,2286,5.8
1329,2287,7.8
1330,2288,6.6
1331,2289,8.3
1332,2290,7.8
1333,2291,7.3
1334,2292,8.3
1335,2293,6.3
1336,2294,7.8
1337,2295,7.8
1337,2296,7.8
1337,2297,7.8
1337,2298,5.8
1338,2299,6.4
1339,2300,8.6
1340,2301,7.1
1340,2302,8.6
1341,2303,8.7
1342,2304,9
1343,2305,7.8
1343,2306,5.8
1343,2307,5.8
1344,2308,9
1344,2309,9
1345,2310,7.8
1346,2311,8.3
1347,2312,9.1
1348,2313,7.3
1349,2314,8.6
1349,2315,8.6
1349,2316,8.1
1350,2317,7.8
1351,2318,7.8
1352,2319,8.6
1353,2320,9.5
1354,2321,6.6
1354,2322,8.6
1355,2323,8.3
1356,2324,6.8
1356,2325,7.8
1357,2326,7.8
1358,2327,7.8
1359,2328,7.8
1360,2329,8.3
1361,2330,7.3
1362,2331,8.3
1363,2332,9
1363,2333,9
1364,2334,8.1
1365,2335,6.7
1365,2336,8.2
1365,2337,7.7
1366,2338,9.1
1367,2339,7.2
1367,2340,8.2
1367,2341,8.2
1368,2342,8.6
1369,2343,7.8
1370,2344,6.3
1371,2345,8.3
1372,2346,7.8
1373,2347,7.3
1374,2348,7.3
1375,2349,7.3
1376,2350,9
1377,2351,8.3
1378,2352,7.3
1379,2353,8.3
1380,2354,7.3
1381,2355,6.3
1381,2356,5.8
1381,2357,5.8
1382,2358,6.8
1383,2359,6.7
1383,2360,8.2
1384,2361,8.2
1385,2362,7.3
1386,2363,5.8
1387,2364,7
1388,2365,7.3
1389,2366,8.2
1389,2367,8.2
1390,2368,6.6
1390,2369,7.6
1390,2370,8.1
1391,2371,6.8
1392,2372,8.3
1393,2373,8.2
1394,2374,7.1
1394,2375,7.1
1395,2376,8.3
1396,2377,8.1
1397,2378,6.3
1398,2379,7.6
1399,2380,6.6
1400,2381,8.2
1401,2382,9.1
1402,2383,8.3
1403,2384,9
1404,2385,8.6
1405,2386,9.1
1406,2387,7.3
1407,2388,8.1
1408,2389,8.1
1408,2390,8.6
1408,2391,8.6
1408,2392,8.6
1409,2393,5.8
1410,2394,7.8
1411,2395,7.8
1411,2396,5.8
1411,2397,5.8
1412,2398,7.1
1412,2399,7.1
1412,2400,6.6
1413,2401,6.3
1413,2402,7.8
1414,2403,9
1414,2404,9
1415,2405,9
1415,2406,9
1416,2407,6.9
1417,2408,7.1
1418,2409,7.8
1419,2410,5.8
1420,2411,9.5
1421,2412,7.7
1421,2413,6.2
1422,2414,8.3
1423,2415,7.5
1423,2416,9
1424,2417,6.3
1425,2418,8.3
1410,2419,8.3
1426,2420,5.8
1427,2421,5.8
1428,2422,7.3
1429,2423,6.8
1430,2424,8.1
1431,2425,6.2
1432,2426,8.1
1433,2427,8.3
1434,2428,7.6
1434,2429,6.6
298,2430,5.8
298,2431,6.3
298,2432,5.8
298,2433,6.8
298,2434,6.3
298,2435,7.8
298,2436,6.3
298,2437,5.8
298,2438,5.8
1435,2439,8.5
1435,2440,9
1435,2441,8
1436,2442,8.1
1436,2443,6.6
1437,2444,6.8
1438,2445,9
1438,2446,8.5
1439,2447,8.2
1439,2448,6.2
1439,2449,7.2
1440,2450,9.5
1441,2451,9.5
1442,2452,8.2
1442,2453,8.2
1443,2454,9.5
1444,2455,8.3
144,2456,8.2
144,2457,6.2
144,2458,7.2
1445,2459,7.8
1445,2460,5.8
1446,2461,6.8
499,2462,8.6
499,2463,8.1
1447,2464,8.6
1448,2465,8.1
1449,2466,6.6
1449,2467,6.6
1449,2468,8.6
1450,2469,7.5
1450,2470,7
1450,2471,7.5
1450,2472,7.5
1451,2473,9.1
1452,2474,7.8
1452,2475,5.8
1452,2476,5.8
1453,2477,8.3
1454,2478,8.3
1455,2479,8.6
1455,2480,7.1
1456,2481,6.8
1457,2482,7.3
1457,2483,7.8
1458,2484,8.3
1459,2485,6.3
1459,2486,5.8
1460,2487,6.8
1461,2488,8.3
1462,2489,7.6
1462,2490,8.6
1463,2491,6.3
1463,2492,7.8
1463,2493,7.8
1464,2494,5.8
1465,2495,7.8
1465,2496,7.8
1466,2497,8.6
1466,2498,8.6
1467,2499,9.1
1468,2500,8.3
1469,2501,8.3
1470,2502,8.1
1471,2503,9.1
1472,2504,9.1
1473,2505,8.6
1474,2506,6.8
1475,2507,6.3
1475,2508,7.3
1476,2509,6.7
1476,2510,6.2
1476,2511,6.2
1476,2512,6.2
1477,2513,7.3
1343,2514,7.1
1343,2515,7.1
1478,2516,8.7
1479,2517,8.6
1480,2518,8.1
1481,2519,7.6
1481,2520,7.1
1482,2521,8.3
1483,2522,8.3
1484,2523,8.7
1485,2524,8.3
1486,2525,7.5
1487,2526,8.3
1488,2527,8.3
1489,2528,8.3
1490,2529,8
1491,2530,7.1
1491,2531,8.6
1491,2532,8.6
1492,2533,7.1
1493,2534,8.2
1493,2535,8.2
1494,2536,7.8
532,2537,8.1
532,2538,6.6
1495,2539,8.3
1496,2540,8
1497,2541,7.6
270,2542,8.6
1498,2543,9.1
1499,2544,8.6
1499,2545,7.6
1500,2546,7.8
1501,2547,7.3
1502,2548,9.5
1503,2549,6.3
1504,2550,8.3
1505,2551,8.3
1506,2552,7.1
1507,2553,7.8
1508,2554,9.1
1509,2555,7.3
1509,2556,6.3
1509,2557,5.8
1510,2558,9
1510,2559,9
1510,2560,9
1511,2561,8.1
1512,2562,8.3
620,2563,6.8
620,2564,7.8
1513,2565,9.1
1514,2566,9.5
1515,2567,7.3
1515,2568,5.8
1516,2569,8.1
1516,2570,8.1
1517,2571,8.6
1518,2572,8.3
1519,2573,7.8
1519,2574,5.8
1520,2575,7.8
1520,2576,7.8
1520,2577,6.8
1521,2578,8.2
1521,2579,8.2
1522,2580,7.6
1523,2581,7.2
1523,2582,7.2
1524,2583,7.3
1525,2584,7.1
1525,2585,6.6
1526,2586,9.1
1527,2587,6.8
1528,2588,7.3
1529,2589,8.3
1530,2590,7.6
1530,2591,7.6
1530,2592,6.6
1531,2593,7.5
1531,2594,8.5
1532,2595,8.1
1533,2596,8.3
1534,2597,6.8
1535,2598,7.1
1535,2599,6.6
1536,2600,7.6
647,2601,6.8
1537,2602,7.3
1538,2603,7.1
1539,2604,7.8
1540,2605,7.6
1541,2606,7.8
1542,2607,7.8
1543,2608,8.5
1544,2609,7.8
1545,2610,5.8
306,2611,7.8
306,2612,7.3
1546,2613,6.6
1547,2614,6.6
1548,2615,9.1
1549,2616,7.3
1550,2617,9.1
1551,2618,7.3
1552,2619,6.3
1553,2620,6.3
1554,2621,8.2
1554,2622,8.2
1555,2623,7.3
1555,2624,7.8
1556,2625,7.8
1557,2626,8.3
1558,2627,6.3
1558,2628,6.8
389,2629,8.1
389,2630,8.6
1559,2631,8.3
1560,2632,6.7
1560,2633,7.2
1560,2634,8.2
1561,2635,9.5
1562,2636,8.6
1563,2637,8.2
1563,2638,8.2
1563,2639,7.2
1564,2640,8.6
1565,2641,5.8
1566,2642,6.8
1566,2643,7.8
195,2644,8.3
1567,2645,8.5
1567,2646,7.5
1568,2647,5.8
1569,2648,6.6
1570,2649,6.8
1571,2650,6.3
1572,2651,7.3
1572,2652,5.8
1573,2653,7.5
1574,2654,7.1
735,2655,7.1
735,2656,6.6
1575,2657,6.8
1576,2658,7.8
1577,2659,6.8
1375,2660,7.8
1578,2661,7.8
1579,2662,7.8
1580,2663,8
1580,2664,9
1581,2665,7.8
1260,2666,8.6
1582,2667,8.6
1583,2668,7.8
1584,2669,6.8
1585,2670,8.3
1586,2671,8.6
1586,2672,6.6
1587,2673,7.1
168,2674,7.1
1588,2675,8.3
200,2676,8.3
1589,2677,6.7
1589,2678,7.2
1589,2679,8.2
1590,2680,8
563,2681,9.1
1591,2682,8.6
1591,2683,8.1
1591,2684,7.1
1591,2685,8.1
1591,2686,8.1
1591,2687,6.6
1592,2688,8.3
1593,2689,6.6
1594,2690,8.6
1594,2691,6.6
1595,2692,8.2
1118,2693,8
1118,2694,7
1596,2695,6.8
1597,2696,7.7
210,2697,5.8
1598,2698,7.3
1598,2699,7.3
1599,2700,8.6
1599,2701,8.6
1599,2702,8.6
1599,2703,8.6
1600,2704,8.3
1601,2705,8.3
1602,2706,6.7
1603,2707,5.8
1604,2708,6.7
1605,2709,6.2
1605,2710,6.2
1606,2711,6.8
1607,2712,8.6
1608,2713,7.1
1608,2714,7.1
1609,2715,7.8
1610,2716,6.6
807,2717,5.8
1611,2718,8
1612,2719,6.3
1613,2720,9
1613,2721,9
1613,2722,8.5
1614,2723,6.6
1615,2724,8.1
1615,2725,7.6
1616,2726,8.6
1617,2727,6.6
1618,2728,7.2
1618,2729,6.7
1619,2730,5.8
1619,2731,7.3
1620,2732,7.5
1620,2733,8
1621,2734,9.1
1622,2735,6.8
1622,2736,5.8
1622,2737,6.8
1623,2738,8.3
1624,2739,8.1
1625,2740,7.3
77,2741,6.8
1626,2742,8.3
1627,2743,7.5
1628,2744,8.6
1628,2745,8.6
1628,2746,8.6
1629,2747,8.6
1630,2748,8.5
1631,2749,5.8
1632,2750,5.8
1632,2751,6.8
1632,2752,6.3
1633,2753,6.6
1634,2754,6.2
1635,2755,6.6
1636,2756,7.8
1637,2757,6.7
1638,2758,6.8
1639,2759,7.8
1640,2760,9.5
1641,2761,5.4
1641,2762,5.4
1642,2763,7.8
1642,2764,7.3
148,2765,8.7
1643,2766,9.1
1644,2767,6.7
1644,2768,6.7
1645,2769,9.5
1646,2770,8.6
1646,2771,8.6
1647,2772,7.3
1648,2773,7.2
1648,2774,8.2
1648,2775,8.2
1648,2776,8.2
1649,2777,7.8
1650,2778,8.6
1651,2779,6.6
1652,2780,6.3
1653,2781,6.3
1654,2782,7.8
1655,2783,6.6
1656,2784,8.5
1657,2785,9.5
1658,2786,6.6
1659,2787,7.3
1660,2788,7.1
1660,2789,8.6
1660,2790,8.6
1661,2791,7.8
1662,2792,9.1
1663,2793,6.6
1664,2794,8.3
1665,2795,7.3
1665,2796,7.8
1666,2797,8.3
1667,2798,7
1668,2799,8.7
1669,2800,5.8
1670,2801,8.3
1671,2802,7.8
1671,2803,6.3
1671,2804,6.3
1672,2805,8.1
1673,2806,8.6
1674,2807,9.1
1230,2808,8.6
1230,2809,8.1
1230,2810,8.6
1230,2811,8.6
1675,2812,5.8
1676,2813,8.3
1677,2814,6.3
1678,2815,9.5
1679,2816,6.6
1680,2817,6.7
1680,2818,8.2
1680,2819,8.2
1680,2820,7.2
1680,2821,6.2
1681,2822,6.8
1682,2823,9.5
1683,2824,8.3
1684,2825,5.8
1684,2826,6.3
1684,2827,5.8
1684,2828,6.8
1685,2829,9
1686,2830,9.1
1687,2831,7.8
1688,2832,7.8
1688,2833,5.8
1689,2834,7.1
1690,2835,7.6
1691,2836,8.6
1692,2837,5.8
1693,2838,7.5
1694,2839,7.8
1694,2840,7.8
1695,2841,8.3
1696,2842,7.2
1696,2843,7.2
1696,2844,6.2
1697,2845,7.3
1698,2846,8.3
1699,2847,9.1
1700,2848,8.2
1701,2849,8.3
709,2850,5.8
1702,2851,8.3
1703,2852,7.8
1703,2853,7.8
1703,2854,7.8
1703,2855,7.8
1703,2856,5.8
1704,2857,8.2
1705,2858,7.8
1706,2859,7.6
1707,2860,6.3
1708,2861,8.6
1709,2862,8.6
1709,2863,8.6
1710,2864,5.8
1711,2865,5.8
1712,2866,6.2
1713,2867,9.1
1714,2868,7
1714,2869,7
1715,2870,7.1
1715,2871,7.1
1716,2872,7.8
1717,2873,8.6
1717,2874,8.1
1718,2875,8.3
1719,2876,8.7
1720,2877,9.1
1721,2878,5.8
1722,2879,8.3
1723,2880,5.8
1724,2881,6.7
1725,2882,8
1726,2883,5.8
1727,2884,7.6
67,2885,7.8
67,2886,7.3
67,2887,7.8
67,2888,7.8
67,2889,5.8
67,2890,7.3
67,2891,5.8
67,2892,6.8
67,2893,5.8
67,2894,5.8
1728,2895,6.3
1728,2896,6.8
1728,2897,6.3
1729,2898,9
1729,2899,9
1730,2900,8.6
1730,2901,7.1
1731,2902,9.5
1732,2903,5.8
1733,2904,7.6
1733,2905,6.6
1734,2906,7.6
1735,2907,8.2
1735,2908,8.2
1735,2909,7.2
1735,2910,7.2
1736,2911,9
1737,2912,6.6
1738,2913,7
1739,2914,7.1
1739,2915,8.6
1740,2916,7.3
1740,2917,7.3
1740,2918,7.8
1741,2919,8.3
1742,2920,8.6
1742,2921,6.6
1742,2922,7.6
1743,2923,7.8
1744,2924,8
1745,2925,7.8
1746,2926,7.8
687,2927,8.6
687,2928,8.1
1747,2929,6.8
1747,2930,6.8
1748,2931,7.5
1749,2932,8.6
1750,2933,6.8
1751,2934,6.6
921,2935,6.6
1752,2936,8.7
1753,2937,8.1
1754,2938,7.1
404,2939,6.3
1755,2940,7.6
1756,2941,5.8
1757,2942,6.8
219,2943,6.6
1758,2944,8.3
1759,2945,8.6
1760,2946,7.8
1761,2947,8.6
1761,2948,6.6
1761,2949,6.6
1762,2950,5.8
1763,2951,8.6
1764,2952,8.1
1765,2953,8.1
1766,2954,9.1
1767,2955,8.6
1768,2956,6.3
1769,2957,5.8
1769,2958,5.8
1769,2959,6.8
1770,2960,7.1
1770,2961,6.6
1770,2962,6.6
1770,2963,7.1
1771,2964,5.8
1771,2965,5.8
1771,2966,5.8
1771,2967,5.8
1771,2968,5.8
1772,2969,8.3
1773,2970,7
1774,2971,5.8
1774,2972,6.3
1775,2973,7.8
1775,2974,7.8
1775,2975,5.8
1776,2976,9.5
1777,2977,7.8
1778,2978,8.3
1779,2979,8.6
1780,2980,7.3
1781,2981,8.3
1782,2982,8.3
1783,2983,8.6
1783,2984,6.6
1784,2985,6.3
1785,2986,7.2
1785,2987,6.7
1785,2988,6.7
1785,2989,6.2
1785,2990,6.2
1785,2991,6.2
1785,2992,6.2
1785,2993,8.2
1785,2994,6.7
1786,2995,6.8
1786,2996,7.3
1786,2997,6.8
1786,2998,5.8
1787,2999,5.8
1788,3000,7.8
1789,3001,6.8
1790,3002,6.3
1790,3003,7.8
1790,3004,6.3
1791,3005,7.8
1792,3006,8.3
1793,3007,8.1
1794,3008,8.3
1795,3009,7.8
1796,3010,7.6
12,3011,8.3
1797,3012,7.3
1798,3013,7.1
219,3014,7
219,3015,7
1799,3016,8.3
1800,3017,8.3
556,3018,9.1
1801,3019,7.3
1801,3020,5.8
1124,3021,8.1
1802,3022,8.6
1803,3023,8.3
1804,3024,7.1
1804,3025,8.6
1805,3026,8.1
1806,3027,8.3
1807,3028,6.3
1808,3029,7.1
1809,3030,6.8
1810,3031,7.8
1811,3032,7.8
1812,3033,7.8
1813,3034,8.6
1814,3035,7
1814,3036,7.5
1815,3037,6.2
1815,3038,7.2
1816,3039,7.1
1816,3040,6.6
1816,3041,7.1
1816,3042,6.6
1817,3043,7.8
1817,3044,7.3
1817,3045,6.3
1818,3046,8.1
1251,3047,5.8
1251,3048,7.8
1251,3049,7.8
1251,3050,5.8
1819,3051,8.3
908,3052,8.2
1820,3053,8.1
1821,3054,7.3
1822,3055,7.3
1823,3056,8.6
1823,3057,8.1
1824,3058,8.5
405,3059,7.5
1825,3060,7.8
1826,3061,7.8
1827,3062,6.8
1828,3063,8.6
1829,3064,7.3
1829,3065,7.8
1829,3066,7.8
1829,3067,7.8
1830,3068,7.4
1831,3069,7.8
1831,3070,6.8
1832,3071,6.2
1832,3072,6.7
1832,3073,6.2
1833,3074,8.6
1833,3075,6.6
1834,3076,7
1835,3077,6.2
1836,3078,8.3
1837,3079,8.1
1837,3080,8.6
1837,3081,8.6
1838,3082,8.6
1839,3083,8.6
1840,3084,8
1841,3085,5.8
1842,3086,8.3
1843,3087,6.3
1844,3088,8
1845,3089,9
1846,3090,8
1846,3091,9
1847,3092,8.3
1848,3093,6.6
1849,3094,8.3
1850,3095,8.2
1850,3096,6.2
1851,3097,6.3
1851,3098,7.8
1851,3099,7.8
1852,3100,7.8
1853,3101,5.8
1854,3102,6.3
1855,3103,9.1
1856,3104,8.6
1857,3105,6.2
1857,3106,6.2
1858,3107,8.1
1858,3108,7.6
1859,3109,9.5
1860,3110,7.8
1861,3111,6.6
1862,3112,8.2
1862,3113,8.2
1863,3114,7.3
678,3115,7.6
1864,3116,7.1
1865,3117,8.6
1865,3118,6.6
1866,3119,7.5
456,3120,8.5
456,3121,9
456,3122,8
1867,3123,8.6
1868,3124,6.6
1868,3125,7.1
1869,3126,9.1
1870,3127,8.3
1871,3128,7.2
1871,3129,8.2
1871,3130,6.2
1872,3131,7.8
1872,3132,5.8
1872,3133,7.3
1873,3134,6.6
1874,3135,7.1
1874,3136,7.6
1874,3137,6.6
1875,3138,7.3
1875,3139,7.3
1875,3140,7.8
1876,3141,8
1877,3142,6.3
1878,3143,7.3
1879,3144,8.6
1880,3145,7.6
1881,3146,7.3
1882,3147,8.6
1882,3148,6.6
1883,3149,5.8
1883,3150,5.8
1884,3151,9.1
1885,3152,6.9
1886,3153,6.8
1886,3154,6.3
1886,3155,6.8
1887,3156,5.8
1888,3157,8.3
1889,3158,8.7
1890,3159,6.8
1891,3160,8.3
1892,3161,6.8
116,3162,7.7
116,3163,8.2
116,3164,8.2
1893,3165,8.6
1894,3166,8.6
146,3167,8.3
254,3168,6.6
1895,3169,6.8
1895,3170,6.8
1895,3171,5.8
1895,3172,7.8
1896,3173,8.5
1896,3174,8.5
1897,3175,6.8
1898,3176,6.3
1899,3177,5.8
1900,3178,8.6
1901,3179,7.6
1902,3180,5.8
1903,3181,7.8
65,3182,9.1
1904,3183,9.1
1905,3184,8.6
1906,3185,8.6
1906,3186,8.6
1907,3187,6.4
1908,3188,6.7
1909,3189,8.1
1909,3190,8.6
1910,3191,6.3
1911,3192,6.8
1912,3193,8.3
1913,3194,6.6
1914,3195,6.8
1915,3196,8.6
1916,3197,7.8
1917,3198,8.3
1918,3199,6.8
1919,3200,8.3
1920,3201,8.1
1921,3202,8.2
1921,3203,7.7
1921,3204,8.2
1921,3205,7.2
1922,3206,6.7
1922,3207,8.2
1923,3208,7.1
1923,3209,8.1
1923,3210,8.6
1923,3211,8.6
1924,3212,9
1925,3213,8.7
217,3214,8.6
1926,3215,8.3
1927,3216,7.8
1928,3217,7.8
1928,3218,5.8
1343,3219,7.8
1343,3220,5.8
1929,3221,5.8
1929,3222,5.8
1930,3223,7.4
1545,3224,7.8
1931,3225,8.6
1932,3226,7.3
1933,3227,7.3
1934,3228,7.3
1935,3229,7.3
1020,3230,7.3
1936,3231,7.3
1937,3232,7.3
1938,3233,7.3
1939,3234,7.3
1940,3235,7.3
173,3236,7.3
1941,3237,7.6
1941,3238,6.6
1942,3239,7.3
1942,3240,6.8
604,3241,9.5
1943,3242,7
1943,3243,7
1944,3244,8.3
1945,3245,6.6
1946,3246,7
1947,3247,5.8
546,3248,8.3
1948,3249,5.8
1948,3250,5.8
1949,3251,8
1950,3252,6.8
1951,3253,8.3
1952,3254,8.3
1953,3255,7.8
268,3256,6.6
1954,3257,8.7
1955,3258,6.8
1956,3259,6.9
1956,3260,7.4
1957,3261,6.6
1958,3262,9
1958,3263,8.5
1959,3264,6.8
1959,3265,5.8
1960,3266,9
1960,3267,8.5
1961,3268,8.1
1961,3269,6.6
1961,3270,7.6
1962,3271,7.7
1963,3272,8.1
1963,3273,7.6
1964,3274,8.1
1964,3275,8.6
1964,3276,6.6
1965,3277,8.1
1966,3278,8.3
1967,3279,6.8
1968,3280,8.3
576,3281,7.8
1969,3282,5.8
1969,3283,6.8
1969,3284,5.8
1110,3285,8.3
1970,3286,7.8
1573,3287,6.3
1971,3288,7.1
1972,3289,6.7
1972,3290,7.2
1973,3291,7.8
1974,3292,7.5
1975,3293,8.3
1976,3294,8.6
1976,3295,8.1
1977,3296,8.6
1978,3297,7.2
1979,3298,6.8
1980,3299,8.7
1119,3300,7.8
1119,3301,7.3
919,3302,8.3
1981,3303,7.1
1981,3304,8.1
1982,3305,6.6
1983,3306,7.6
1984,3307,9
1985,3308,7.1
1986,3309,6.2
1986,3310,6.2
1987,3311,7.6
1988,3312,6.8
1989,3313,7.3
1990,3314,8.1
1991,3315,8.3
1992,3316,7.5
1992,3317,7
1993,3318,8.6
1993,3319,7.1
1994,3320,8.3
1995,3321,8.6
1996,3322,8.3
1997,3323,6.8
779,3324,7
779,3325,8
1998,3326,6.6
1999,3327,7.1
2000,3328,8.6
2001,3329,6.6
2001,3330,6.6
2002,3331,7.8
2003,3332,6.7
2004,3333,9
2005,3334,6.8
2006,3335,8.6
2006,3336,8.6
2007,3337,6.3
2008,3338,5.8
2009,3339,6.6
2010,3340,6.8
2011,3341,6.3
2012,3342,6.2
2012,3343,8.2
2013,3344,9.1
2014,3345,7.3
2015,3346,7.3
1806,3347,6.3
2016,3348,7.3
2017,3349,9.1
2018,3350,8.6
2018,3351,6.6
2019,3352,7.3
1488,3353,6.7
2020,3354,8.6
2020,3355,6.6
2021,3356,7.1
2022,3357,7.1
2023,3358,7
2024,3359,6.8
2025,3360,7.8
1962,3361,7.2
1962,3362,6.7
2026,3363,7.6
2027,3364,6.2
2027,3365,6.2
2027,3366,7.2
2028,3367,7.3
2028,3368,7.8
2028,3369,5.8
2029,3370,8.6
2030,3371,6.9
2031,3372,6.8
2031,3373,7.3
2031,3374,6.3
2032,3375,6.8
2033,3376,8.3
2034,3377,6.8
2035,3378,7.5
2036,3379,7.8
2036,3380,6.8
72,3381,8.3
2037,3382,8.3
2038,3383,8.1
2039,3384,6.6
2040,3385,9.1
2041,3386,8.3
2042,3387,7.5
2043,3388,6.2
2044,3389,7.3
2044,3390,7.8
2045,3391,8.3
2046,3392,6.6
2046,3393,6.6
2047,3394,8.1
2048,3395,7.3
2048,3396,6.8
2049,3397,7.1
2050,3398,7.3
2051,3399,5.8
2051,3400,6.8
2051,3401,5.8
2051,3402,5.8
2052,3403,7.8
2053,3404,6.2
2053,3405,8.2
2054,3406,8.3
2055,3407,7.1
2056,3408,7
2057,3409,7
2058,3410,8.6
2059,3411,8.3
2060,3412,8.6
2060,3413,8.1
2060,3414,8.1
2060,3415,8.6
2060,3416,8.6
2060,3417,6.6
2061,3418,7.1
2061,3419,8.1
2062,3420,8.3
2063,3421,7.1
2064,3422,7.8
2064,3423,5.8
2065,3424,8.6
2066,3425,9.1
372,3426,5.8
2067,3427,7.3
2068,3428,6.2
2068,3429,8.2
1247,3430,7.3
1247,3431,6.3
1247,3432,5.8
2069,3433,6.8
2070,3434,9.1
2071,3435,6.2
2072,3436,8.3
2073,3437,8.3
2074,3438,9
2074,3439,8
2075,3440,8.6
2076,3441,9
2076,3442,7
2077,3443,6.3
2078,3444,7.8
2079,3445,7.8
2080,3446,7.8
33,3447,8.2
8,3448,6.6
2081,3449,6.3
2081,3450,5.8
2081,3451,7.8
2082,3452,7.8
2083,3453,6.6
2084,3454,5.8
2085,3455,6.6
2086,3456,8.1
2086,3457,8.6
2087,3458,8.6
2087,3459,8.6
2087,3460,7.6
2088,3461,8.6
2088,3462,6.6
2089,3463,9
2090,3464,7.8
2091,3465,7.1
2091,3466,7.6
2092,3467,9.1
2093,3468,5.8
480,3469,8.7
2094,3470,6.8
2094,3471,7.3
2095,3472,8.1
2096,3473,7.8
2096,3474,7.3
2097,3475,6.8
2098,3476,8.1
2098,3477,7.1
2098,3478,8.6
2098,3479,8.6
2099,3480,7.5
2100,3481,8.6
2100,3482,6.6
2100,3483,8.1
631,3484,7
2101,3485,7.8
2101,3486,6.8
2101,3487,6.3
2102,3488,8.3
2103,3489,6.6
2104,3490,9.1
2105,3491,8.7
2106,3492,8.3
2107,3493,8.3
2108,3494,8.3
2109,3495,7.7
2110,3496,6.3
2111,3497,8.6
2112,3498,9.5
1524,3499,8.3
59,3500,6.2
59,3501,8.2
2113,3502,8.6
2113,3503,7.1
2114,3504,8.3
2115,3505,7.8
2116,3506,7.8
2108,3507,7.8
2117,3508,9
2118,3509,8.3
2119,3510,7.8
2120,3511,7.8
2120,3512,5.8
2121,3513,6.2
727,3514,7.8
2122,3515,6.6
2123,3516,6.8
2124,3517,6.8
2125,3518,7.3
2126,3519,7.8
91,3520,8.3
95,3521,9.1
76,3522,5.8
2127,3523,8.2
2127,3524,8.2
2128,3525,7.3
2129,3526,8.3
2130,3527,9.5
2131,3528,8.6
2132,3529,6.6
2133,3530,6.6
2134,3531,5.9
2135,3532,7.8
2135,3533,5.8
2136,3534,6.8
2136,3535,7.8
526,3536,8.3
2137,3537,8.3
2138,3538,8.1
2138,3539,6.6
2138,3540,6.6
1787,3541,8.3
2139,3542,6.3
1257,3543,7.8
1319,3544,8.3
2140,3545,9
2141,3546,8.2
2141,3547,6.7
2141,3548,7.7
2142,3549,8.3
2143,3550,8.6
2143,3551,7.1
2144,3552,6.6
2145,3553,7.7
2145,3554,8.2
2146,3555,8.3
2147,3556,8.6
2147,3557,8.6
2147,3558,8.6
2148,3559,8.3
2149,3560,8.3
2150,3561,8.3
2151,3562,6.8
2152,3563,8.6
2152,3564,8.6
2153,3565,5.8
2153,3566,7.8
1454,3567,8.2
2154,3568,8.3
2155,3569,9
2156,3570,8.3
2157,3571,8.6
2157,3572,8.1
2158,3573,5.8
1414,3574,7.8
2159,3575,6.7
2160,3576,8.3
2161,3577,9
2161,3578,7
23,3579,8.2
23,3580,8.2
23,3581,7.2
23,3582,7.2
2162,3583,8.3
2163,3584,8.6
2164,3585,8.3
2165,3586,6.2
2165,3587,8.2
2166,3588,7.5
2167,3589,5.8
2167,3590,5.8
2168,3591,8.6
2169,3592,7.1
2169,3593,8.1
2169,3594,8.6
2169,3595,8.6
2169,3596,8.6
2169,3597,8.6
2169,3598,6.6
2170,3599,7.6
467,3600,8.3
2171,3601,8.2
2171,3602,8.2
2171,3603,8.2
2171,3604,6.2
2172,3605,8.3
2173,3606,9.5
2174,3607,7.6
2175,3608,5.8
2176,3609,7.6
2176,3610,7.6
2176,3611,6.6
2177,3612,8.3
2178,3613,8.7
2179,3614,8.2
2180,3615,7.3
2180,3616,7.8
2180,3617,5.8
2181,3618,6.3
2182,3619,8.3
2183,3620,7.1
2184,3621,8.5
2185,3622,8.3
2186,3623,8.3
2187,3624,6.7
490,3625,7.3
490,3626,5.8
2188,3627,7.3
2189,3628,8.1
2189,3629,8.6
2189,3630,7.6
2190,3631,8.2
2190,3632,7.2
2191,3633,6.3
2192,3634,8.3
2193,3635,8.3
2194,3636,8.7
2195,3637,8.3
2196,3638,7.8
2197,3639,8.1
2197,3640,7.6
2198,3641,8.3
2199,3642,8.3
2200,3643,8.3
2201,3644,6.3
1885,3645,6.9
1885,3646,6.4
2202,3647,8.3
2203,3648,8.7
2204,3649,5.8
1181,3650,8.1
2205,3651,6.3
2206,3652,6.3
2207,3653,7.1
638,3654,7.6
342,3655,7.8
2208,3656,8.3
2209,3657,5.8
459,3658,5.8
2210,3659,9.1
2211,3660,7.1
2212,3661,6.8
2213,3662,9.5
2214,3663,9.1
2215,3664,5.8
2215,3665,6.8
2215,3666,6.8
2215,3667,7.8
2216,3668,7.6
2217,3669,8.6
2217,3670,7.1
2218,3671,7.8
2219,3672,5.9
2219,3673,7.4
985,3674,8.3
2220,3675,7.8
2220,3676,7.8
2221,3677,8.7
255,3678,7.6
255,3679,8.6
255,3680,8.6
255,3681,8.6
2222,3682,9.5
2223,3683,6.6
2224,3684,7.1
2225,3685,8.3
2226,3686,8.3
2227,3687,5.8
2228,3688,8.3
2229,3689,8.1
2230,3690,9
2231,3691,8.1
2231,3692,7.6
2232,3693,7.8
2232,3694,7.3
2233,3695,7.8
2234,3696,6.3
2235,3697,7.8
2236,3698,5.8
2237,3699,7.6
2237,3700,8.1
2237,3701,7.1
2238,3702,7.8
2238,3703,6.8
2238,3704,7.8
2238,3705,6.8
2238,3706,7.8
2238,3707,7.8
2239,3708,7.3
2239,3709,5.8
2240,3710,5.8
2241,3711,8.3
2242,3712,8.3
2243,3713,9.1
2244,3714,8.3
2245,3715,6.3
2246,3716,8.1
2246,3717,8.1
2246,3718,6.6
2247,3719,9.1
2248,3720,5.8
2248,3721,7.8
2249,3722,8.3
2250,3723,6.8
2251,3724,6.8
2252,3725,7.8
2252,3726,7.3
2253,3727,6.3
2254,3728,9.1
2255,3729,8.1
2255,3730,8.6
2255,3731,7.6
2256,3732,6.2
2257,3733,8.3
2258,3734,8.3
2259,3735,8.3
2260,3736,8.3
2261,3737,8.3
2262,3738,9.1
2263,3739,9
2263,3740,9
2263,3741,9
2264,3742,5.8
2265,3743,8.3
2266,3744,8.3
2267,3745,6.6
2267,3746,8.6
2268,3747,6.3
2269,3748,8.3
2270,3749,8.3
2271,3750,8.3
2272,3751,6.3
2272,3752,6.3
2272,3753,6.3
534,3754,7.6
534,3755,7.6
2273,3756,5.8
1005,3757,7.8
1005,3758,7.3
2274,3759,6.3
2275,3760,6.8
2276,3761,8.3
2277,3762,8.2
2277,3763,6.2
2278,3764,8.3
2279,3765,8.6
2279,3766,7.6
464,3767,8.3
2280,3768,7.8
2281,3769,8.6
2281,3770,8.6
2281,3771,7.1
2282,3772,6.6
2283,3773,6.8
2284,3774,5.9
2284,3775,5.9
2284,3776,7.4
2284,3777,5.9
2285,3778,8.2
2285,3779,8.2
2286,3780,8.3
2287,3781,8.3
2288,3782,9.1
2289,3783,8.7
2290,3784,6.7
2291,3785,7.5
2292,3786,8.6
2293,3787,8.6
2294,3788,6.3
2295,3789,8.1
2295,3790,8.6
2296,3791,6.7
2296,3792,8.2
2296,3793,7.2
2296,3794,6.2
2297,3795,6.8
2298,3796,7.2
2299,3797,7.6
2299,3798,6.6
2299,3799,6.6
2300,3800,6.8
2301,3801,9.1
2302,3802,7.7
2303,3803,6.8
2304,3804,8
468,3805,8.5
468,3806,9
468,3807,8
2305,3808,7.8
2306,3809,7.8
415,3810,8.2
415,3811,8.2
2307,3812,7.1
2308,3813,7.6
2309,3814,8.5
2309,3815,7
715,3816,7.8
340,3817,5.8
2310,3818,7.6
2311,3819,6.8
2312,3820,7.3
2313,3821,5.8
2314,3822,8.3
2315,3823,7.5
2316,3824,7.3
2317,3825,8.3
1682,3826,8.3
2318,3827,7.6
2318,3828,6.6
2319,3829,5.8
2320,3830,8.3
2321,3831,6.8
2322,3832,8.1
2322,3833,8.6
1580,3834,8.1
1580,3835,8.6
2323,3836,9.5
2324,3837,8.3
2325,3838,8.1
2326,3839,7.3
2327,3840,8.3
2328,3841,8.6
2329,3842,7.8
2330,3843,8.3
2331,3844,8.3
482,3845,8.3
2332,3846,9
2332,3847,8.5
186,3848,6.7
186,3849,6.2
186,3850,6.2
186,3851,8.2
186,3852,8.2
2333,3853,8.3
2334,3854,8.6
2334,3855,8.6
530,3856,7.8
530,3857,7.8
2335,3858,5.8
499,3859,8.5
2336,3860,9.1
2337,3861,9.1
1603,3862,6.3
1603,3863,6.3
1603,3864,5.8
1603,3865,6.8
1603,3866,7.8
1603,3867,5.8
2338,3868,8.3
2339,3869,7.8
2340,3870,9.1
2341,3871,7.8
2342,3872,8.3
2343,3873,8.3
2344,3874,7.3
198,3875,7.8
198,3876,7.3
2345,3877,7.8
2346,3878,6.3
2346,3879,7.8
2347,3880,7.8
2348,3881,7.3
1052,3882,7.8
2349,3883,8.6
338,3884,8.3
2350,3885,8.3
2351,3886,7
2351,3887,8.5
2352,3888,8
2352,3889,9
2353,3890,6.3
2354,3891,6.8
2355,3892,8.3
651,3893,8.3
2356,3894,7.8
2357,3895,9.1
2358,3896,7.6
2359,3897,8.3
2360,3898,5.8
2361,3899,8.3
2362,3900,8.3
2363,3901,7.8
2364,3902,8.3
2365,3903,7.1
2366,3904,7.3
1023,3905,6.8
1023,3906,7.3
1023,3907,6.8
2367,3908,8.6
2367,3909,6.6
2368,3910,8.3
2369,3911,7.8
2370,3912,6.8
1253,3913,7.1
2371,3914,8.7
2372,3915,8.3
2373,3916,9.5
2374,3917,8.1
2375,3918,8.3
2376,3919,6.6
2377,3920,9
2377,3921,8.5
2378,3922,9.1
2379,3923,7.5
2379,3924,7
2380,3925,7.7
2381,3926,6.3
2382,3927,8.2
1725,3928,8
1725,3929,9
2383,3930,6.8
1591,3931,8.3
2384,3932,6.6
2385,3933,6.6
2386,3934,7.1
2387,3935,9.5
2388,3936,6.3
2389,3937,8.6
2390,3938,8.6
2391,3939,8.6
2391,3940,7.1
2392,3941,7.1
2392,3942,6.6
2392,3943,8.6
2392,3944,7.6
2393,3945,7.6
2394,3946,5.8
545,3947,8.3
2395,3948,8.3
2396,3949,8.6
2397,3950,9.1
2398,3951,6.8
2399,3952,7.3
2400,3953,8.6
2401,3954,6.8
2401,3955,6.3
2402,3956,9
2403,3957,7.1
1830,3958,6.8
2404,3959,8.3
2405,3960,7.4
2405,3961,7.4
1631,3962,8.7
2406,3963,7.3
2407,3964,5.8
304,3965,8.6
2408,3966,5.8
1138,3967,6.3
1138,3968,5.8
2409,3969,8
2409,3970,7
2410,3971,5.8
2411,3972,8.3
2412,3973,8.3
2413,3974,9.1
2414,3975,8.6
2414,3976,8.1
2415,3977,7.8
2416,3978,7.5
2416,3979,8.5
2417,3980,5.8
2417,3981,7.8
2418,3982,6.8
2419,3983,8.6
2419,3984,8.6
2419,3985,8.1
2420,3986,6.7
2420,3987,8.2
2420,3988,6.7
2421,3989,8.2
2421,3990,7.7
2422,3991,8.1
2423,3992,8.3
2424,3993,9.5
2425,3994,7.1
2426,3995,8.3
2427,3996,8.5
2427,3997,8
2428,3998,9.5
2429,3999,9.1
2430,4000,7.3
2431,4001,8.5
1675,4002,6.8
2432,4003,8.3
2433,4004,8.3
2434,4005,8.3
2435,4006,8.2
2435,4007,8.2
2436,4008,5.8
2436,4009,7.8
2437,4010,5.8
2437,4011,6.3
1164,4012,7.6
1164,4013,6.6
1164,4014,6.6
1164,4015,8.6
2438,4016,8.6
2438,4017,8.6
2439,4018,8.5
2440,4019,8.2
2440,4020,6.2
2440,4021,6.2
2440,4022,8.2
2440,4023,8.2
1154,4024,9.1
182,4025,9.1
2441,4026,7.4
2441,4027,7.4
2442,4028,9.5
2443,4029,9.1
2444,4030,7.3
2445,4031,6.6
2445,4032,6.6
2446,4033,8.3
2447,4034,7.6
2448,4035,8.6
2449,4036,8.3
2009,4037,9
2450,4038,7.3
2451,4039,7.4
2452,4040,6.2
2452,4041,7.2
2453,4042,8.1
2454,4043,7.6
2455,4044,8.6
2456,4045,9.1
1881,4046,8.6
1881,4047,8.6
1881,4048,8.6
2457,4049,8.3
2458,4050,6.8
2458,4051,6.8
2458,4052,5.8
2458,4053,6.8
2459,4054,8.6
2460,4055,9
2461,4056,7.3
2462,4057,7.8
175,4058,8.3
2463,4059,6.8
2463,4060,5.8
2463,4061,5.8
2464,4062,6.2
2465,4063,8.3
2466,4064,7.7
2466,4065,7.2
2466,4066,6.2
2467,4067,7
2468,4068,7.8
1790,4069,8.3
2469,4070,8.6
2470,4071,8.1
2471,4072,7.8
2472,4073,7.2
2472,4074,6.2
2473,4075,6.3
2474,4076,6.8
2475,4077,7.6
2475,4078,8.6
2476,4079,9
2477,4080,6.3
2478,4081,8.3
2479,4082,7.3
2480,4083,8.2
2481,4084,8.3
2482,4085,8.3
2483,4086,6.2
2484,4087,8.3
2485,4088,6.3
2486,4089,8.3
2487,4090,8.2
2487,4091,8.2
2487,4092,6.7
2488,4093,8.1
2489,4094,5.8
2490,4095,7.8
2490,4096,5.8
2490,4097,7.3
2491,4098,8.6
2491,4099,6.6
738,4100,5.8
738,4101,5.8
738,4102,7.8
738,4103,7.8
738,4104,6.3
738,4105,7.3
738,4106,6.3
738,4107,6.3
2492,4108,6.6
2492,4109,7.6
2492,4110,8.6
2492,4111,8.1
2493,4112,8.6
2493,4113,7.6
2493,4114,8.6
2494,4115,8.7
2495,4116,6.8
2495,4117,6.8
2495,4118,7.8
2496,4119,9.1
2497,4120,8.1
2498,4121,8.6
2499,4122,7.8
2499,4123,6.8
2499,4124,7.3
2500,4125,6.3
2501,4126,7.8
2502,4127,7.3
2503,4128,7.8
2504,4129,7.8
306,4130,8.6
306,4131,6.6
306,4132,6.6
2505,4133,7.7
2505,4134,8.2
2506,4135,8.3
2507,4136,8.6
2507,4137,8.6
1093,4138,7.6
2508,4139,8.3
2509,4140,7.8
2510,4141,7.3
2511,4142,8.3
2512,4143,7.1
2513,4144,7.2
2513,4145,6.2
2514,4146,6.8
2515,4147,7.8
2516,4148,7.8
2516,4149,7.8
2516,4150,7.8
2517,4151,6.3
2518,4152,7.8
2518,4153,7.8
2519,4154,8.3
2520,4155,7
2521,4156,7
2522,4157,6.8
2523,4158,7.7
2523,4159,8.2
2523,4160,8.2
2524,4161,7.8
2525,4162,5.8
2526,4163,7.5
2527,4164,7.8
2528,4165,8.3
2529,4166,6.3
2530,4167,7.8
330,4168,8.6
875,4169,5.8
2531,4170,8.3
2532,4171,7.1
2533,4172,7.7
2534,4173,6.8
2534,4174,5.8
2534,4175,7.8
2534,4176,5.8
2534,4177,7.8
2534,4178,7.8
2535,4179,9
2535,4180,7
2535,4181,9
2536,4182,5.8
2537,4183,9.5
2538,4184,7.6
2539,4185,8.1
2540,4186,7
2540,4187,9
452,4188,9
452,4189,9
2541,4190,8.1
2542,4191,6.8
1789,4192,8.3
2543,4193,8.3
2544,4194,7.8
2545,4195,7.3
2546,4196,7.1
2547,4197,9.5
730,4198,8.2
730,4199,7.7
730,4200,7.7
2548,4201,6.3
2549,4202,8.3
2550,4203,8.7
2551,4204,7.8
407,4205,7.8
407,4206,6.8
2552,4207,8.1
2553,4208,6.6
2554,4209,8.6
2554,4210,8.6
2555,4211,8.3
2556,4212,7.1
2557,4213,7.3
2557,4214,6.3
2558,4215,6.3
2559,4216,5.8
938,4217,9.1
2560,4218,8.3
2561,4219,8.2
2561,4220,6.7
2561,4221,8.2
2561,4222,7.7
2561,4223,6.2
2561,4224,8.2
2562,4225,9
2563,4226,8.5
2563,4227,8
2564,4228,8
2564,4229,7.5
2565,4230,7.6
2565,4231,8.1
2566,4232,8.6
2567,4233,9.1
2568,4234,5.8
2569,4235,8.3
2570,4236,7.8
2571,4237,8.3
2572,4238,8.6
2573,4239,5.8
2574,4240,7.8
2575,4241,8.5
2576,4242,6.8
2577,4243,8.3
2578,4244,7.1
2579,4245,7.3
2580,4246,8.1
2580,4247,7.1
2580,4248,7.6
2581,4249,8.3
2582,4250,9
939,4251,7.3
2583,4252,6.8
2584,4253,8.7
2585,4254,8.6
2585,4255,6.6
2586,4256,8.5
2587,4257,8.3
2588,4258,8.6
2589,4259,9.1
2590,4260,7.4
2590,4261,7.4
2591,4262,6.3
2592,4263,7.3
2593,4264,8.3
2594,4265,8.6
2595,4266,7.8
2596,4267,8.3
2597,4268,7
2598,4269,6.8
2599,4270,7.8
2600,4271,7.3
2600,4272,6.3
2601,4273,7.1
2602,4274,7.8
1182,4275,9
1182,4276,9
2603,4277,8.3
2604,4278,5.8
22,4279,7.8
2605,4280,7.8
2606,4281,8.6
2606,4282,7.1
2607,4283,5.8
2607,4284,6.8
658,4285,8.1
2608,4286,7.1
2608,4287,6.6
2609,4288,7.8
2610,4289,8.2
2610,4290,6.2
2610,4291,8.2
2611,4292,6.3
1277,4293,7.8
2612,4294,5.8
2613,4295,6.7
2613,4296,6.2
2613,4297,8.2
2614,4298,8.3
2615,4299,6.8
2615,4300,7.8
155,4301,8.6
2616,4302,8.1
2617,4303,8.3
2618,4304,7.1
2618,4305,7.6
2619,4306,6.3
2620,4307,8.1
527,4308,9
2621,4309,8.3
2155,4310,6.3
2622,4311,6.8
2622,4312,5.8
2623,4313,6.3
2624,4314,7.3
2625,4315,7.8
2626,4316,9.1
2627,4317,9.1
2628,4318,8.7
2629,4319,7.6
2630,4320,6.3
2631,4321,7.8
2632,4322,6.8
1025,4323,7.3
1433,4324,9.1
2633,4325,8.7
2576,4326,8.3
2634,4327,8.2
2634,4328,6.7
2635,4329,6.8
2636,4330,8.5
2637,4331,7.5
2637,4332,9
2637,4333,7.5
2638,4334,7.8
2639,4335,6.6
2639,4336,7.1
2640,4337,7.1
2640,4338,6.6
2640,4339,7.1
2641,4340,5.8
2642,4341,7.6
2642,4342,8.1
2642,4343,7.6
2642,4344,7.1
2643,4345,8.6
2643,4346,7.6
2644,4347,8.3
2645,4348,7.1
2646,4349,9.5
2647,4350,8.3
2648,4351,8
2649,4352,8.6
2650,4353,8.3
2651,4354,8.3
2652,4355,6.8
2653,4356,7.8
2653,4357,6.3
2653,4358,7.3
2654,4359,7.8
2654,4360,7.3
790,4361,8.3
2655,4362,8.1
2656,4363,7.8
609,4364,8.5
953,4365,8.6
953,4366,8.6
953,4367,8.1
953,4368,6.6
2657,4369,6.6
2658,4370,7.5
2658,4371,9
2659,4372,8.1
2660,4373,8.6
2661,4374,6.2
2661,4375,6.7
2661,4376,6.2
2662,4377,6.6
2663,4378,6.6
2664,4379,8.6
2665,4380,6.7
2665,4381,8.2
2665,4382,8.2
2665,4383,8.2
2666,4384,7.7
2666,4385,8.2
2666,4386,6.2
2667,4387,7.1
2668,4388,5.8
2669,4389,9.1
2670,4390,7.2
2670,4391,7.2
2671,4392,7.8
2672,4393,8.3
2673,4394,6.3
2674,4395,7.8
1781,4396,6.3
2675,4397,8.5
2675,4398,7
2675,4399,9
2676,4400,8.3
2677,4401,8.6
2677,4402,8.6
2678,4403,8.6
2678,4404,8.6
2679,4405,6.6
2679,4406,7.6
2680,4407,9.1
2681,4408,7.6
2681,4409,8.6
2681,4410,8.6
1693,4411,7.8
2682,4412,8.3
2683,4413,9.1
2684,4414,8.2
2684,4415,8.2
2685,4416,6.8
2686,4417,9.5
2687,4418,5.8
2688,4419,7.8
2688,4420,7.3
2689,4421,6.6
1080,4422,6.3
2690,4423,6.3
524,4424,7.8
524,4425,6.3
472,4426,8.3
2691,4427,7.8
2692,4428,7.3
2692,4429,5.8
2692,4430,5.8
2693,4431,9.1
279,4432,6.3
2694,4433,7.1
2695,4434,6.2
2696,4435,8.3
2697,4436,7.2
2697,4437,8.2
2698,4438,5.8
2699,4439,9.1
2700,4440,8.1
2700,4441,8.1
2701,4442,7.1
2702,4443,8.1
2703,4444,7.1
1064,4445,8.6
2704,4446,8.3
2705,4447,9.1
2706,4448,8.3
2707,4449,7.8
2708,4450,7.3
2709,4451,6.8
2710,4452,6.8
2711,4453,7.8
2712,4454,7.8
2713,4455,8.2
2714,4456,9.1
2082,4457,6.8
2715,4458,5.8
839,4459,6.8
2716,4460,8.6
2716,4461,7.6
2716,4462,8.1
2716,4463,8.6
2717,4464,9.5
2718,4465,7
2719,4466,5.8
2720,4467,8.3
2721,4468,6.3
1514,4469,7.8
1613,4470,7.8
2722,4471,8.3
413,4472,8.3
2723,4473,8.3
1081,4474,8
97,4475,7.6
2724,4476,6.3
4,4477,8.5
4,4478,8.5
4,4479,9
4,4480,8.5
2725,4481,9.1
2726,4482,7
2726,4483,7
2727,4484,7.7
2728,4485,8.3
2729,4486,5.8
2729,4487,6.8
2730,4488,7.3
2730,4489,7.8
2258,4490,6.8
2258,4491,6.8
2731,4492,9.1
2732,4493,6.3
2733,4494,8.7
2734,4495,6.8
2734,4496,7.8
2734,4497,5.8
2735,4498,7
2736,4499,7.8
2736,4500,7.8
2736,4501,7.8
2736,4502,6.8
627,4503,8
2737,4504,8.6
2737,4505,7.1
2737,4506,7.6
2737,4507,8.1
2737,4508,7.6
2738,4509,6.8
2739,4510,8.6
2739,4511,6.6
2739,4512,7.1
2740,4513,8.3
2741,4514,6.3
2742,4515,6.8
2743,4516,6.2
2743,4517,8.2
2743,4518,8.2
2744,4519,5.8
2744,4520,6.8
2744,4521,7.8
2744,4522,7.3
2744,4523,7.3
2744,4524,6.8
2745,4525,5.8
2746,4526,9.1
2747,4527,8.3
2748,4528,5.8
2748,4529,5.8
2749,4530,5.8
2749,4531,7.3
2750,4532,6.8
2750,4533,7.3
2750,4534,7.8
2751,4535,8.3
2752,4536,7.3
1063,4537,7.8
2753,4538,8.1
2753,4539,8.6
2753,4540,8.6
2754,4541,8.6
2755,4542,7.8
1204,4543,5.8
1204,4544,7.8
2756,4545,8.2
2756,4546,8.2
2757,4547,8.5
2758,4548,5.4
2758,4549,7.4
2758,4550,7.4
2758,4551,6.4
2758,4552,5.4
2758,4553,5.4
2758,4554,6.9
2759,4555,9.1
2760,4556,7.8
2761,4557,7.3
2761,4558,7.8
2761,4559,6.8
2761,4560,7.8
2761,4561,7.8
2761,4562,6.3
2761,4563,7.3
2762,4564,6.6
2763,4565,8.6
2764,4566,8.6
2764,4567,8.6
2764,4568,7.6
2765,4569,9.5
2766,4570,7.6
2766,4571,8.1
2767,4572,8.3
2768,4573,7.8
2769,4574,8.1
2770,4575,6.3
2770,4576,7.8
2770,4577,7.8
2771,4578,5.8
2771,4579,7.3
2772,4580,8.6
2773,4581,8.6
2774,4582,9.5
2775,4583,8.3
2776,4584,8.6
2777,4585,6.8
2778,4586,6.8
2779,4587,9.1
2780,4588,7.8
2781,4589,7.8
2781,4590,6.8
2782,4591,6.7
2782,4592,6.2
2783,4593,8.2
2783,4594,8.2
2783,4595,8.2
2784,4596,8.2
2784,4597,8.2
2785,4598,6.7
2786,4599,7.6
2787,4600,5.8
2788,4601,6.8
2789,4602,8.3
2790,4603,7.6
2790,4604,7.1
2791,4605,7.8
2792,4606,7.1
2793,4607,5.8
2794,4608,7.8
2795,4609,6.6
2796,4610,8.6
2796,4611,8.6
2797,4612,8.6
2797,4613,8.6
2798,4614,6.6
2799,4615,7.6
2800,4616,8.2
2800,4617,6.2
2800,4618,8.2
2800,4619,8.2
2801,4620,6.9
2801,4621,7.4
2801,4622,7.4
2801,4623,6.9
2801,4624,7.4
1424,4625,7.2
1424,4626,7.7
1424,4627,8.2
1424,4628,8.2
2802,4629,8.6
2802,4630,8.6
814,4631,7.1
814,4632,6.6
814,4633,8.6
2803,4634,8.2
2803,4635,8.2
2803,4636,7.7
713,4637,7
2804,4638,6.2
2805,4639,8.6
2806,4640,6.3
2807,4641,7.5
2808,4642,7.8
2809,4643,8.6
2810,4644,9.1
2811,4645,8.7
2812,4646,8.3
2813,4647,8.3
2814,4648,9.5
2815,4649,6.8
